f1,5987,1.2023864,5986,1.2023864,1748,1.0791341,2711,0.1007097,4845,0.093712024,4889,0.09011335,4912,0.082430355,381,0.079746164,3809,0.0761811,2822,0.07297371
f2,5458,0.29778558,6142,0.22772273,6097,0.22772273,387,0.20600271,5618,0.19868621,4936,0.19490682,6760,0.18769993,2253,0.1738578,6193,0.17189921,2754,0.16578314
f3,2253,0.16710255,5497,0.13987477,4912,0.13961628,5512,0.13222,5612,0.12953386,6171,0.12789287,5495,0.114829175,4868,0.11110321,5436,0.107133806,4958,0.106771044
f4,1112,0.14525945,1094,0.13701199,5792,0.1349679,5457,0.13104767,2181,0.12640958,3865,0.1216231,7156,0.116705336,1091,0.115815334,1110,0.115182616,2297,0.1136249
f5,6068,0.44668165,5467,0.4114551,3159,0.40307418,7284,0.37209523,6943,0.3562135,3888,0.3138984,4124,0.31201774,3356,0.30593392,5458,0.2936085,7004,0.28795108
f6,5143,0.4646523,1003,0.43556675,3356,0.42882425,7623,0.3835402,5718,0.37789744,740,0.3602008,981,0.3504159,6650,0.34767386,736,0.3471026,5771,0.34400398
f7,7499,0.24453576,7611,0.23243852,7307,0.2318692,7750,0.2147877,7973,0.20872192,5919,0.20530407,5918,0.20530407,5920,0.20530407,7261,0.2029903,5497,0.19655831
f8,6775,0.44290203,7788,0.42296708,7561,0.40129957,4397,0.38576266,7974,0.36578262,7975,0.36578262,8105,0.36174121,7753,0.34903038,7763,0.34223983,8111,0.34010404
f9,2758,0.43632567,7480,0.24159552,8006,0.21003596,3806,0.19813077,1604,0.19161265,4835,0.18344432,984,0.18078952,6390,0.17701869,4263,0.17682217,4264,0.17682217
f10,4323,0.14187011,3054,0.13647774,2650,0.12996645,2823,0.12381641,3394,0.1154527,1000,0.11464012,960,0.1128338,3682,0.11155476,4409,0.106547326,4601,0.10519338
f11,8726,0.15409134,8101,0.14053336,7994,0.12761772,998,0.1242826,6877,0.12210846,8111,0.11800541,7788,0.11707314,7997,0.11688113,6741,0.113976054,777,0.10755964
f12,1411,0.5626541,1589,0.52628666,1601,0.5160546,4824,0.4280189,1577,0.3870409,5744,0.38294408,1582,0.37510273,1599,0.3730644,4555,0.37078658,1606,0.34781364
f13,6390,0.18481374,7005,0.1716302,7480,0.16864234,3293,0.15904152,2758,0.15349606,7148,0.1506795,5241,0.15053156,7650,0.14835724,4593,0.14778884,3376,0.1463457
f14,5735,0.21631591,7946,0.20488185,8650,0.1935582,7480,0.17359136,972,0.17320669,7993,0.16703765,2758,0.16150813,5712,0.15388511,5338,0.13770436,7992,0.13742678
f15,1343,0.117663234,1340,0.117663234,1601,0.117663234,1486,0.114154465,735,0.09844304,1394,0.09512872,7789,0.09098001,8111,0.09006715,4845,0.08912299,300,0.088247426
f16,7025,0.3400495,5744,0.29010665,5711,0.27663857,7561,0.2612617,8098,0.25367868,5747,0.24922818,6628,0.24675636,7967,0.23332167,4253,0.22784556,5679,0.22364229
f17,7748,0.2670115,1454,0.23726968,7753,0.23500751,7887,0.21469079,5719,0.2136373,7756,0.2065467,4552,0.20507006,8714,0.2023512,6070,0.19876641,8699,0.19720323
f18,7314,0.24031405,7238,0.23981306,7191,0.20682864,5676,0.19861273,5665,0.19497457,8719,0.19315332,8742,0.19234385,4173,0.1900862,7818,0.18926057,8745,0.18790707
f19,735,0.13681377,8098,0.12994075,7633,0.126712,7974,0.12465392,7975,0.12465392,2989,0.1199136,7820,0.118879065,7618,0.11662808,4834,0.11460379,2680,0.11204641
f20,1440,0.21621972,8111,0.18738218,3806,0.16445662,7789,0.14937557,7902,0.14764607,7748,0.14763439,1507,0.14708441,6882,0.14205831,3171,0.13807753,8066,0.13713007
f21,4807,0.21830462,7311,0.21822385,8719,0.2039814,682,0.20123796,2881,0.1936845,6644,0.19067855,5686,0.18415232,4903,0.17432567,5697,0.17394984,4967,0.16661136
f22,2758,0.1482875,7480,0.11667789,7974,0.11664461,7975,0.11664461,4762,0.11457769,7313,0.112216726,7748,0.10037059,2931,0.098766424,8101,0.096292876,8097,0.09627431
f23,7967,0.19457349,5639,0.14281243,7964,0.14215237,7951,0.1265355,4667,0.12399696,6910,0.1225368,7932,0.10879482,8094,0.100384876,845,0.09795001,5645,0.08965741
f24,5668,0.15055278,6006,0.14496744,5635,0.13520396,5890,0.12916228,5891,0.12916228,5893,0.12916228,5892,0.12916228,5140,0.123681456,2643,0.12210693,5979,0.115627
f25,2062,0.12375221,8012,0.10204163,6235,0.09888332,3054,0.08972624,6705,0.08802279,6691,0.08352222,5789,0.083180614,5919,0.081495106,5918,0.081495106,5920,0.081495106
f26,6791,0.50164276,4495,0.32993767,5556,0.20628491,917,0.20146692,7413,0.19257562,782,0.12289425,5900,0.11991453,5899,0.11991453,5901,0.11991453,5830,0.11369463
f27,892,0.20307429,915,0.17507213,620,0.16364433,3903,0.15841173,553,0.14928006,5605,0.14781103,3599,0.1458589,836,0.1407214,5646,0.13916227,609,0.1382703
f28,5657,0.08465681,2396,0.08091818,3011,0.07577671,8712,0.07429371,3891,0.07356906,3479,0.073119335,3547,0.071215644,745,0.067892216,7295,0.066210605,7313,0.06581112
f29,8740,0.22198433,1773,0.16152388,6045,0.16020817,7181,0.13888225,5263,0.13460323,5996,0.1278045,7199,0.12695268,1390,0.116240636,598,0.11421462,7123,0.10970977
f30,2892,0.46074548,3149,0.42417037,7009,0.41496673,6971,0.41306797,5602,0.34890696,4299,0.19399314,2134,0.14549822,5873,0.14316875,4839,0.1416925,5844,0.14091657
f31,7855,0.20887831,7951,0.19568259,5619,0.17523822,363,0.16658768,806,0.16546798,1344,0.16312139,6938,0.15509635,935,0.15439081,5873,0.1517504,5864,0.1493629
f32,2090,0.49413118,6199,0.2183215,6212,0.19103132,6741,0.1764754,6187,0.13507955,6226,0.10916075,7309,0.1061165,4936,0.09551566,8698,0.07059017,3412,0.054580376
f33,2477,0.10403631,1834,0.10150127,7470,0.10046862,7471,0.10022924,3538,0.0964665,2532,0.09508319,6193,0.0903639,2435,0.08086472,2535,0.07258142,4349,0.06841588
f34,6847,0.5852917,5586,0.5376294,7957,0.50112617,5885,0.39828354,5886,0.39828354,6908,0.35082868,6919,0.33343107,4724,0.3278084,7910,0.31247798,4854,0.31230357
f35,6045,0.13101318,4191,0.12816177,7199,0.12053874,7777,0.118127316,7574,0.10895038,6041,0.10860458,7181,0.107631564,2320,0.10167113,6794,0.10159807,6101,0.099742174
f36,7967,0.096320786,6910,0.086222254,5639,0.080157764,7964,0.06835098,4362,0.06301102,7932,0.061463557,7951,0.06060462,7625,0.059986785,4667,0.05919326,6912,0.057759084
f37,6318,0.10901208,6736,0.108022295,6126,0.10023792,6795,0.09496581,7264,0.08972269,6958,0.087551676,6100,0.074335165,8714,0.07135134,6428,0.07119941,6862,0.070343405
f38,8026,0.0736223,8059,0.056887437,8033,0.055052422,519,0.05109712,1378,0.049147043,1253,0.049147043,1293,0.049147043,1393,0.049147043,1459,0.049147043,1440,0.049147043
f39,4007,0.1436792,4144,0.128198,3464,0.10044237,3463,0.10044237,3813,0.09085694,3461,0.07825129,5737,0.07770911,4140,0.077067636,2973,0.07494042,6977,0.07037906
f40,3309,0.4429201,3345,0.35945582,2796,0.2945916,2685,0.2915754,5121,0.28549972,8037,0.2834568,5453,0.27044776,6072,0.25880888,5347,0.21926606,3326,0.20172128
f41,5506,0.1933198,3302,0.108784765,2913,0.09071375,763,0.08739692,6790,0.082773045,5422,0.07881714,4823,0.077304095,605,0.077134944,4251,0.07701267,5538,0.07649208
f42,735,0.12648745,822,0.097194694,3317,0.09328895,4845,0.090660766,7924,0.09017261,788,0.08955543,2843,0.088816606,4474,0.087973006,1162,0.086626574,7894,0.08546576
f43,753,0.2380041,4715,0.23185207,7201,0.21704933,2734,0.19296831,7020,0.1804353,4697,0.16833927,7226,0.16652673,8701,0.16185763,7274,0.15816398,2970,0.15627494
f44,2922,0.08843871,7126,0.08795971,5676,0.08519251,6837,0.08280694,6789,0.07125793,3567,0.067673184,3763,0.060591012,7991,0.05862839,3996,0.058335178,7160,0.05683932
f45,731,0.07840298,7547,0.07358149,1314,0.06971809,5663,0.063348375,7902,0.060293444,3667,0.05516312,7237,0.05388412,5648,0.05314289,5631,0.052512366,7528,0.051766984
f46,5853,0.2011072,5876,0.16123492,5842,0.1418475,5843,0.1418475,4500,0.13834216,7924,0.13803594,5835,0.1352228,5834,0.1352228,8726,0.13509539,7291,0.13399355
f47,871,0.18454082,5865,0.176142,5866,0.176142,5581,0.15542655,806,0.14711154,5828,0.146276,5829,0.146276,5827,0.146276,6009,0.13194461,5898,0.13163935
f48,8038,0.29084948,8053,0.28643224,8549,0.20141228,8030,0.19944878,7775,0.15051569,2912,0.11990557,2909,0.114879034,8023,0.11468463,7766,0.112784326,6318,0.09892951
f49,2477,0.058678053,6716,0.05559033,6715,0.05559033,6797,0.05338488,5623,0.050844297,5624,0.050844297,5142,0.048381288,6007,0.048271652,2171,0.04676797,8679,0.04670742
f50,2758,0.250723,6390,0.17387515,7480,0.15654887,2653,0.14611124,2734,0.11933029,753,0.11819265,4715,0.107145295,7789,0.104288615,6151,0.10101901,7655,0.09307787
f51,3188,0.072722286,5209,0.06109643,8709,0.053591438,7526,0.051827192,5676,0.04813403,5473,0.047456697,3992,0.0472728,4390,0.043956198,6663,0.042491443,1790,0.04125625
f52,6690,0.19371295,5351,0.16529553,4845,0.15954353,7287,0.1540728,7267,0.1481061,5466,0.14274883,7478,0.1420551,7380,0.14038825,860,0.1374109,840,0.13513751
f53,6407,0.23850322,4305,0.20340478,4645,0.10551946,8735,0.103365794,7264,0.09221957,3394,0.07770529,5999,0.039067164,5272,0.039067164,6810,0.036716346,6811,0.036716346
f54,3922,0.23978521,3575,0.2196101,3592,0.20879617,4369,0.19305451,6272,0.16209832,6851,0.15375006,404,0.1468327,4958,0.14654386,3620,0.1386461,4034,0.13841069
f55,6606,0.34848303,3740,0.23874919,1814,0.23566137,6608,0.23252325,5341,0.20526192,5340,0.20526192,3990,0.19944449,3989,0.19944449,4969,0.19671957,6615,0.18882588
f56,6559,0.099957116,6884,0.09872969,7256,0.09512018,7264,0.08293895,7313,0.074363224,8677,0.070501186,7243,0.070157364,7241,0.06928022,767,0.06924254,4433,0.06915268
f57,7470,0.121037096,5209,0.11591591,7471,0.08898296,5229,0.074727625,6193,0.06288209,8717,0.055481967,5338,0.051679745,7815,0.048823126,1748,0.048317585,3847,0.04802931
f58,5703,0.14369681,7313,0.1301535,6631,0.12429834,735,0.117894,6608,0.11393401,7213,0.11382339,6655,0.11352582,7528,0.11230639,5735,0.11210592,6644,0.108686
f59,766,0.4118277,5415,0.20992191,5416,0.19361293,854,0.19273736,4905,0.18653765,5980,0.18607438,5098,0.18099748,5431,0.17264177,3387,0.16500999,696,0.1585961
f60,5209,0.5213898,5229,0.5050284,5214,0.43001956,591,0.36039385,5529,0.33635733,5655,0.33332482,864,0.32906172,2441,0.32043225,7271,0.31997624,1247,0.3196406
f61,4508,0.10544429,735,0.09369429,4845,0.08578945,2893,0.08174672,6328,0.07538118,5698,0.07476863,7957,0.07100436,5703,0.062286202,6953,0.059078533,7343,0.05692828
f62,7609,0.36062717,5645,0.35466027,4229,0.33110482,7307,0.3258195,8734,0.30993694,8684,0.309091,1875,0.30599627,5484,0.30168527,6684,0.30123642,6979,0.2987776
f63,7470,0.1846561,7471,0.15326826,5209,0.047774326,6193,0.03923563,5871,0.037110448,5872,0.037110448,5870,0.037110448,5908,0.03664547,5909,0.03664547,5911,0.03664547
f64,7480,0.17850333,2758,0.15518348,7655,0.14436677,6390,0.11980444,6910,0.118030615,8033,0.10851461,7609,0.1043569,4715,0.10162973,4726,0.10026797,7789,0.100104176
f65,6316,0.14182334,4774,0.13094538,6708,0.12428823,3132,0.11896505,7332,0.116737574,6677,0.11565402,6684,0.1084346,7416,0.105132155,6606,0.104987964,1168,0.10368368
f66,1148,0.13641094,6621,0.12263852,8114,0.11683133,922,0.113298684,6720,0.10842166,6230,0.10827653,1146,0.10408983,1145,0.10408983,560,0.10364949,6725,0.10247769
f67,7766,0.23896901,8038,0.19475047,8549,0.1898664,8053,0.17612395,2774,0.16768675,5020,0.16242857,947,0.16053502,8030,0.15941551,4610,0.1588188,3071,0.15757808
f68,2758,0.15114379,6390,0.12507635,7480,0.122508965,8731,0.09247393,6571,0.08043139,6230,0.0722505,2967,0.07128984,6851,0.071175,7223,0.07090988,6323,0.070649266
f69,8726,0.19921097,4958,0.16974354,7787,0.15317951,7514,0.096958056,6565,0.08865289,8044,0.08416092,5990,0.08196624,6117,0.074288495,6582,0.07302944,912,0.0684527
f70,5338,0.25349104,7478,0.2307627,7126,0.20507832,4123,0.19423124,7241,0.18195452,8746,0.17649798,6313,0.17291465,6655,0.17239726,6838,0.17205936,7264,0.16615912
f71,7350,0.07448252,5758,0.0719124,8105,0.06124136,5627,0.05494641,890,0.05404983,4305,0.05327819,5757,0.052171566,3150,0.049374502,5437,0.048157215,7324,0.046198957
f72,5210,0.13195883,3709,0.12477678,4629,0.102677695,763,0.10216213,4190,0.09561299,5736,0.093832575,1008,0.09057484,3583,0.08408224,4341,0.08094642,4091,0.08034141
f73,708,0.3492947,763,0.23334235,709,0.22683856,220,0.22625385,7828,0.21739992,7281,0.21598081,7314,0.2157897,3376,0.21146756,7477,0.20089164,4333,0.19805771
f74,4127,0.18481134,8720,0.12246865,7480,0.10718657,3943,0.08428753,8731,0.07649438,7523,0.07446408,7086,0.073931985,3656,0.07197546,8709,0.07193612,6170,0.06906476
f75,8547,0.120972686,5433,0.117773205,6526,0.11689971,5025,0.11618258,7561,0.11514088,774,0.11480508,5580,0.1127194,4722,0.111557506,7247,0.10706754,5782,0.10430001
f76,7005,0.09310791,3453,0.08716083,5555,0.08048656,6789,0.08006173,3567,0.079278395,2553,0.07921938,6218,0.07799546,6851,0.06747796,7253,0.06637673,5314,0.066263996
f77,2561,0.12410062,8746,0.11783647,7820,0.11712184,4216,0.11694855,7381,0.11684896,7366,0.11652264,8700,0.11509847,4102,0.1104848,7403,0.10904804,5467,0.107840106
f78,781,0.114462316,994,0.10565201,2874,0.09152402,468,0.09077489,6124,0.09001438,4358,0.08978727,5721,0.08947186,4415,0.08899442,4414,0.08899442,3885,0.08880839
f79,7752,0.108937025,4785,0.10110113,1148,0.10048301,5028,0.09821744,5029,0.09821744,8731,0.09321364,6960,0.09320488,4170,0.092740625,1149,0.09201902,7480,0.09185365
f80,6144,0.27973217,6143,0.27973217,6146,0.2734354,6565,0.23582944,7326,0.22483489,6501,0.21487425,6145,0.21487425,6296,0.18583566,7354,0.18448235,7054,0.15843794
f81,5269,0.245488,8002,0.14372526,6072,0.1419101,5203,0.14152849,4963,0.12631473,4296,0.11616954,4372,0.11614117,5956,0.1089396,5217,0.10760445,7519,0.104623936
f82,8742,0.10246699,4958,0.0970357,6731,0.08352357,8679,0.083079174,5703,0.081252195,6117,0.0792935,5888,0.078538224,5887,0.078538224,7313,0.07840967,6786,0.075885795
f83,8554,0.45519668,8544,0.42987952,7546,0.4278812,8558,0.27174026,8536,0.2623737,8537,0.24235938,8564,0.2365774,8553,0.21579489,8557,0.2098313,8545,0.20230833
f84,1351,0.29029286,7490,0.2598791,7630,0.22470632,5255,0.1904622,5251,0.18171373,7206,0.17430358,7813,0.16368264,980,0.15599553,1770,0.14514643,1756,0.14514643
f85,4339,0.20227136,4986,0.19291098,502,0.19218329,4997,0.18592216,7406,0.18576896,7951,0.18400578,2491,0.17906684,6107,0.1782438,7651,0.17750993,7313,0.1772906
f86,3427,0.08667689,1159,0.084244944,3179,0.07594317,3473,0.07497074,704,0.07396064,3423,0.07302397,4048,0.07279925,4047,0.07279925,2065,0.0712098,583,0.06641438
f87,6087,0.31708315,3357,0.21058387,7315,0.19026713,2701,0.17771134,3434,0.17771134,2876,0.17536657,7186,0.17251337,2837,0.16892686,2877,0.16068126,6089,0.15708542
f88,1685,0.14730175,6087,0.14720064,7780,0.14530002,7793,0.14220516,8048,0.14015841,7753,0.13407911,7795,0.12189016,8743,0.120723695,384,0.11853783,7991,0.11754336
f89,2514,0.17378956,2787,0.17024346,6881,0.15315099,3242,0.14220586,7242,0.1394511,6135,0.13849512,3083,0.13740972,395,0.13529062,6621,0.13418293,5990,0.1297997
f90,8677,0.13209714,7640,0.12843329,772,0.12687096,3189,0.11523345,4991,0.11095181,7928,0.1103938,6943,0.10571574,4591,0.103165194,4490,0.10235275,6104,0.10123022
f91,8726,0.21102248,7818,0.16812037,7753,0.15705033,7890,0.15388313,6117,0.13531624,7971,0.13317098,6532,0.12823877,6985,0.12709934,5705,0.12588371,7989,0.12488099
f92,8726,0.27613705,4958,0.23312229,7787,0.19211388,6614,0.18730758,7753,0.18544117,7950,0.17971659,7911,0.17830949,7894,0.17631055,8554,0.1759153,7758,0.1732706
f93,8160,0.24125683,8726,0.23005277,4726,0.22066276,4958,0.20008147,7891,0.19963288,7818,0.1945321,8136,0.19237135,7753,0.17169358,7619,0.1693189,7890,0.16836658
f94,2734,0.3165456,4982,0.2972681,3759,0.18858355,965,0.16726673,3345,0.14137447,7813,0.1286274,6072,0.124056704,8037,0.11593628,7506,0.11273575,2639,0.10427451
f95,7266,0.09949283,7278,0.09506072,8685,0.091704756,5010,0.08966672,2834,0.08084572,6312,0.07761127,6957,0.07709173,7263,0.07691114,8726,0.07606377,7488,0.07583888
f96,6390,0.13820443,8105,0.13049732,7324,0.08855951,5757,0.08331573,2873,0.08270132,5627,0.07487684,5839,0.07306664,5840,0.07306664,2758,0.06607065,384,0.06597489
f97,8059,0.07206669,4770,0.06845428,8111,0.06773224,7991,0.066002116,3702,0.06465698,3806,0.059475183,3036,0.058229256,7748,0.05747592,7798,0.05632757,7923,0.056278802
f98,3806,0.5285379,8042,0.4726057,1411,0.45696214,1368,0.45696214,1486,0.45696214,1353,0.45696214,7025,0.4477534,1505,0.43082803,1634,0.43082803,1332,0.43082803
f99,8726,0.15139025,1585,0.1290466,2758,0.122673936,7985,0.10312773,1378,0.10185137,7514,0.096561246,5235,0.09073752,350,0.08902796,7748,0.088456176,7974,0.082597114
f100,1599,0.33154643,1597,0.2487588,1598,0.23768638,1378,0.23342761,5744,0.22701883,1411,0.21977459,8006,0.21451685,2758,0.19180965,1581,0.1831455,1590,0.1831455
f101,7279,0.11350219,6331,0.10150078,5539,0.09837205,863,0.09585974,6745,0.09315126,5498,0.08283331,6671,0.07778608,8102,0.07645736,4551,0.07596362,6743,0.07567079
f102,1761,0.20481253,1362,0.18724144,8042,0.13037364,1786,0.12222089,3598,0.10756395,7561,0.10712986,1598,0.10147038,8066,0.0903519,7190,0.09010972,1444,0.090033695
f103,8002,0.440691,8006,0.41245744,5744,0.3462332,7989,0.31782976,7984,0.278745,8060,0.27416986,2784,0.2588184,1575,0.2451417,1594,0.24339937,1360,0.23713854
f104,630,0.121919505,7798,0.10700339,7561,0.08000314,7872,0.07123955,6252,0.0695854,2650,0.06934341,7868,0.06719531,7776,0.06664508,6985,0.06643987,7799,0.06564963
f105,1734,0.1396403,2638,0.13588889,3347,0.13564458,3759,0.12192534,7984,0.120970346,2129,0.11866757,5338,0.11163303,4119,0.10909518,2528,0.108007446,965,0.10677698
f106,694,0.13529702,5401,0.122974195,1110,0.110650614,509,0.10667224,595,0.103266716,685,0.10220065,6762,0.09456814,721,0.093867995,4346,0.091441855,4347,0.091441855
f107,8066,0.18138963,643,0.16770813,694,0.16426097,5987,0.15842648,5986,0.15842648,1105,0.139379,689,0.1358416,625,0.13553108,1073,0.13201123,8701,0.13181901
f108,1788,0.14650305,7001,0.12154633,5732,0.12046263,384,0.118521914,8712,0.11466881,7313,0.11316828,7991,0.1093919,4599,0.10895355,7226,0.10820531,4469,0.107994415
f109,6638,0.24144392,495,0.23176824,753,0.20939574,7595,0.17184812,3450,0.14320964,4579,0.13766545,7756,0.13554478,7601,0.13208441,4523,0.13047528,5304,0.12670937
f110,7514,0.16718349,3154,0.16625707,735,0.14027062,753,0.13041791,8715,0.12108838,787,0.119067535,6606,0.11403416,3751,0.113092095,3138,0.112481155,7824,0.11004711
f111,7992,0.27224326,8726,0.16914137,5703,0.14943871,967,0.12735882,6992,0.1257326,2784,0.122385845,5702,0.12060135,5719,0.11615691,6801,0.11345467,6775,0.1094191
f112,7778,0.3509908,4188,0.3263767,4187,0.3263767,2836,0.26612067,822,0.25789514,3080,0.25189462,4442,0.24193095,3024,0.23764135,3094,0.23763311,4787,0.23236267
f113,7645,0.30442506,5424,0.26742426,7902,0.2469544,7899,0.23116083,4189,0.19321987,6989,0.19293395,7878,0.18972318,966,0.1812599,6668,0.17945185,1808,0.17761694
f114,7996,0.21955897,6631,0.19445223,7864,0.18994537,2656,0.18279219,7812,0.1809137,7847,0.18014525,6684,0.17930971,7878,0.17922233,7827,0.17732343,7997,0.17234561
f115,964,0.12548153,8726,0.12418304,4958,0.11332073,2703,0.10521364,7982,0.097770795,5691,0.089397274,6014,0.08497536,6649,0.07671646,955,0.076645285,7991,0.0762179
f116,2758,0.3363862,6390,0.32209393,7480,0.2745967,7982,0.24892463,6866,0.20265912,5839,0.19855675,5840,0.19855675,5681,0.19553305,7878,0.18550707,5661,0.1846416
f117,8726,0.18028696,4958,0.15057842,8161,0.13939822,7787,0.13353069,3759,0.11667853,7631,0.11426001,8136,0.1025835,965,0.10167066,7241,0.101578124,7818,0.100353315
f118,1560,0.18728846,3806,0.16525188,1440,0.14381744,1486,0.12882686,1604,0.11075695,1400,0.10751554,1528,0.10751554,1445,0.10751554,1511,0.10751554,1394,0.1073557
f119,7517,0.11526998,6891,0.115076855,4712,0.11238236,1885,0.10763599,3016,0.10527667,4969,0.10285404,5735,0.10137261,5570,0.10086873,1878,0.093573205,5657,0.09272576
f120,4940,0.25883457,2883,0.25267923,4644,0.24775401,4199,0.22392829,4841,0.21332824,2550,0.20379208,7755,0.20263071,4450,0.20159188,7855,0.19976838,4551,0.19965592
f121,6390,0.33871847,2758,0.3093812,7086,0.25100076,2,0.24460426,7753,0.22403947,1281,0.21596532,7974,0.20361672,7975,0.20361672,7480,0.20222534,7891,0.17395851
f122,2638,0.21216507,4774,0.19493203,6880,0.19005154,788,0.16956283,2897,0.1616391,3347,0.15019211,3377,0.14963762,4469,0.14937744,5557,0.14478488,5676,0.14470023
f123,984,0.15730351,6760,0.15631321,7018,0.14931321,7264,0.14781746,5919,0.14602,5918,0.14602,5920,0.14602,5735,0.14111122,2747,0.12902424,6087,0.12500714
f124,2638,0.19495559,8059,0.18428674,300,0.17546172,251,0.17546172,262,0.17546172,289,0.17546172,1743,0.15535547,1762,0.15535547,1740,0.15535547,1783,0.15535547
f125,6930,0.221052,4841,0.21170442,6754,0.21045765,3395,0.20454983,2883,0.20373313,3331,0.20277454,4940,0.20189036,5405,0.20135507,4762,0.20095648,7755,0.19382006
f126,7902,0.48419285,7979,0.44199747,5181,0.38462773,5672,0.35986575,7638,0.34542644,5900,0.34092566,5899,0.34092566,5901,0.34092566,4746,0.28416777,7579,0.28097737
f127,5650,0.2496432,8628,0.23787299,1660,0.23601317,938,0.19662899,6932,0.18647665,5707,0.18038784,8042,0.18033428,7951,0.17971611,3399,0.17372678,5226,0.17334001
f128,1309,0.10080704,1645,0.0706676,7921,0.068675786,1656,0.06596547,6865,0.06267546,1424,0.061482053,1339,0.061482053,1681,0.060980126,1299,0.060980126,1665,0.060484223
f129,7951,0.11313653,7967,0.09449132,7957,0.08979073,6612,0.0881173,6736,0.08672619,5900,0.08666247,5899,0.08666247,5901,0.08666247,5828,0.08664231,5829,0.08664231
f130,1345,0.15550618,800,0.12993841,2679,0.12604529,7973,0.09892495,5699,0.08942246,7932,0.074362285,5711,0.07339305,5635,0.07167123,8740,0.07033779,5913,0.06917215
f131,7814,0.15105419,7517,0.1473736,7902,0.1455238,4573,0.12635776,4877,0.12255407,7314,0.12141615,7838,0.11799336,8071,0.11780388,3131,0.11770118,7759,0.117679335
f132,7932,0.3405212,8078,0.3130307,7974,0.27417108,7975,0.27417108,363,0.27165467,5570,0.26070613,7314,0.25293216,2762,0.2520278,4362,0.24469598,3151,0.24452405
f133,1757,0.23930866,7480,0.16192134,7561,0.15446985,2758,0.14536761,7974,0.1113281,7975,0.1113281,7932,0.0993745,7086,0.09869382,7987,0.09802173,2476,0.09489949
f134,1674,0.08701687,5236,0.085180335,3702,0.07931832,1661,0.07231647,1627,0.0696135,1399,0.0696135,1530,0.0696135,220,0.067194656,1398,0.06464518,7561,0.06431743
f135,1309,0.44867742,363,0.39416432,1551,0.34775057,1581,0.33049646,1634,0.31184515,5670,0.296557,1772,0.29407063,7978,0.28155017,7973,0.2771424,1635,0.27326906
f136,1753,0.1643822,1754,0.1643822,1551,0.1489616,4674,0.09175352,873,0.08750426,7380,0.08540715,7287,0.08250523,4487,0.07808438,7803,0.06547365,4609,0.064037606
f137,7994,0.12869446,7967,0.12254426,6691,0.115224585,6631,0.09734237,1465,0.09492142,1659,0.09492142,2639,0.094349004,3462,0.08488186,7951,0.083382264,1469,0.08309873
f138,1750,0.18208474,5635,0.18008456,5890,0.15886891,5891,0.15886891,5893,0.15886891,5892,0.15886891,5849,0.13556218,5850,0.13556218,348,0.1341054,5676,0.1160804
f139,1750,0.19546442,1742,0.17571357,5676,0.13988686,6620,0.13692477,788,0.13476907,7126,0.1225125,6703,0.1134659,7898,0.10835108,4502,0.10823962,5468,0.10505122
f140,1249,0.11026021,7753,0.09496431,2639,0.086106576,7883,0.08321974,7891,0.081338584,821,0.075485975,1314,0.07462072,4678,0.07307782,321,0.07221628,8136,0.071922734
f141,2707,0.13849273,4922,0.13726704,5338,0.13237233,7478,0.13224678,7550,0.12981473,7930,0.12956634,7814,0.12881868,2650,0.123315506,8065,0.12028949,7753,0.11311501
f142,1750,0.617113,7126,0.18948948,8740,0.13721071,7389,0.12854418,6703,0.12715071,5439,0.124115385,6640,0.12378108,7982,0.12241684,7313,0.12025408,5703,0.11856726
f143,1765,0.31845248,7883,0.20383528,3806,0.17254634,7914,0.17098449,7314,0.15215132,8160,0.1457656,716,0.13591371,7890,0.13446532,2129,0.12913936,7748,0.12844023
f144,7883,0.37489945,3778,0.36532366,8101,0.34505317,7951,0.3288109,7561,0.31421134,7932,0.29604322,5613,0.26350576,5635,0.25749478,2639,0.25155053,7947,0.25127083
f145,7974,0.26655006,7975,0.26655006,6881,0.24206033,7994,0.2299485,7951,0.22948883,7956,0.21545434,7883,0.21501698,788,0.20424539,8101,0.2013841,6620,0.1998764
f146,1749,0.39343315,6893,0.14668578,6883,0.14551425,2129,0.14488567,6891,0.14427397,7818,0.14324781,7246,0.14242594,4940,0.13903287,8683,0.1362109,6802,0.13413061
f147,854,0.8003599,1299,0.6963254,4601,0.52287614,2945,0.50590473,4765,0.44208306,3206,0.42709935,766,0.42651072,6276,0.42561322,6882,0.42517745,3587,0.41864133
f148,5220,0.26432386,4119,0.22353776,7914,0.2217239,7974,0.21935593,7975,0.21935593,8161,0.21206564,4487,0.18813312,7951,0.1876405,7845,0.1816978,2894,0.18116568
f149,7949,0.05769811,1314,0.05636024,5712,0.054260284,7753,0.05342422,7987,0.052017547,7978,0.050959345,5362,0.050741963,7997,0.048679143,8135,0.04677694,5497,0.046057038
f150,7949,0.05769811,1314,0.05636024,5712,0.054260284,7753,0.05342422,7987,0.052017547,7978,0.050959345,5362,0.050741963,7997,0.048679143,8135,0.04677694,5497,0.046057038
f151,7951,0.20792778,7967,0.19181383,2960,0.18439575,5645,0.1580259,5656,0.15471597,6908,0.14522952,6910,0.14036725,7851,0.13849229,7973,0.13808928,4667,0.13514328
f152,384,0.06538235,4580,0.06480381,6565,0.061908554,859,0.06006585,5949,0.055601023,3081,0.054098997,1788,0.0539163,7126,0.053756915,5821,0.05214247,5822,0.05214247
f153,4067,0.09321319,4774,0.0901423,2638,0.089312606,4191,0.08854814,8059,0.08714647,5793,0.086280406,2667,0.08446525,7905,0.083165236,3972,0.08304818,300,0.07905466
f154,834,0.14128105,8090,0.13879782,7898,0.12046563,5598,0.11447269,7291,0.11091395,6918,0.11091395,6924,0.107046224,5868,0.103495374,5869,0.103495374,7963,0.098837666
f155,5345,0.21812473,7819,0.21083696,7758,0.20417574,7264,0.1491032,5657,0.1480238,5347,0.14643992,695,0.13968141,7799,0.13921118,7593,0.1379662,953,0.13745633
f156,7974,0.2598787,7975,0.2598787,3048,0.20126495,7264,0.1960547,8074,0.19119665,7825,0.18691264,5345,0.18145289,7819,0.17871405,300,0.17558035,251,0.17558035
f157,1253,0.17082456,7888,0.14873733,4474,0.1402644,5468,0.1381474,7561,0.13480641,5220,0.13281791,4472,0.13051896,7845,0.12871999,5867,0.12803859,5572,0.12678577
f158,4732,0.14841732,7974,0.1474751,7975,0.1474751,5514,0.1458028,6766,0.14065807,7932,0.13880041,4119,0.13240847,7951,0.12994473,6937,0.12769824,7818,0.12146832
f159,5564,0.198636,6725,0.18560138,7933,0.16834456,5900,0.1617664,5899,0.1617664,5901,0.1617664,5794,0.15900016,6240,0.1453062,5826,0.13702431,5825,0.13702431
f160,7275,0.1797554,7971,0.17316794,7157,0.16900003,1488,0.16755381,3322,0.16478479,7313,0.1588144,5635,0.158623,6087,0.15769477,7126,0.15478888,7951,0.15355131
f161,2758,0.23614211,6390,0.19187886,7631,0.16039772,2,0.15420155,7480,0.15362744,7891,0.14303151,7818,0.1329613,7803,0.12615444,800,0.123779796,7914,0.12364822
f162,1305,0.17712171,7336,0.12285474,7340,0.1158685,3317,0.113355085,5649,0.10911909,2796,0.1045483,4271,0.10224529,3292,0.09962013,1457,0.09930457,2960,0.09542532
f163,7753,0.16339473,7973,0.14732225,7923,0.14540939,363,0.14361483,848,0.13724054,7561,0.13669941,6640,0.13570748,7951,0.13258342,997,0.13126463,844,0.12768644
f164,1357,0.162173,1358,0.162173,3309,0.15820222,7841,0.15513396,6072,0.14699757,2796,0.13615419,2795,0.12830865,8037,0.12330723,7992,0.1149447,3326,0.10072646
f165,5844,0.25139907,5846,0.25139907,5845,0.25139907,848,0.20721398,5858,0.19968347,5859,0.19968347,5873,0.1913482,5871,0.18464088,5872,0.18464088,5870,0.18464088
f166,7480,0.2316228,6390,0.21500066,7748,0.1369003,7887,0.12613034,5635,0.120281175,2758,0.113943815,8102,0.107995965,7985,0.10739375,1378,0.1068879,7921,0.10641381
f167,1466,0.17802879,1363,0.14242303,1393,0.14242303,1371,0.14242303,7933,0.11562808,3149,0.11517141,3090,0.11352895,1469,0.10776647,5506,0.10338053,3605,0.0893623
f168,6570,0.22456028,7894,0.21042106,5610,0.20971276,7951,0.20221816,7892,0.19983712,834,0.19417423,6889,0.19095045,6751,0.18991472,3122,0.18719989,7898,0.1829642
f169,5462,0.1393235,7264,0.13523632,7792,0.12536065,7804,0.12506676,503,0.124388315,8138,0.12351879,7407,0.12335096,220,0.122848995,7799,0.12202162,8059,0.12046051
f170,7974,0.30807883,7975,0.30807883,2999,0.2630575,5468,0.24405997,7809,0.23269522,3171,0.22038747,3959,0.21845745,909,0.21641202,2894,0.21508397,6778,0.21316683
f171,7932,0.19132967,6723,0.17737906,7951,0.15767887,8078,0.15436165,7896,0.14933473,2219,0.1385516,7944,0.13734813,7973,0.13704747,7883,0.12859811,6912,0.1279829
f172,6087,0.088473015,5571,0.07334088,8735,0.0700522,5338,0.06745304,4477,0.06431388,3369,0.06391861,8743,0.06385625,1881,0.0627328,1885,0.062308956,6323,0.062109347
f173,7890,0.11629802,7990,0.10715252,2681,0.10707233,8043,0.102296755,7803,0.10140093,4653,0.10081076,560,0.10060329,678,0.09830544,4405,0.095664084,4406,0.095664084
f174,8166,0.1977872,5500,0.187193,7892,0.18056592,7917,0.16844735,7883,0.16310976,7988,0.15758303,7974,0.14747529,7975,0.14747529,7400,0.1426585,7767,0.1421247
f175,7753,0.13097112,2,0.1271553,7400,0.121858716,6019,0.1149864,7891,0.11497334,7984,0.11472545,7900,0.11413856,821,0.10780529,6189,0.105736606,7932,0.10290104
f176,300,0.2859758,251,0.2859758,262,0.2859758,289,0.2859758,7561,0.20217286,8025,0.20209958,7951,0.19582763,1743,0.19065054,1762,0.19065054,1740,0.19065054
f177,4732,0.19304913,7280,0.19086258,7984,0.18931736,7306,0.16251218,8160,0.15557565,7400,0.15469407,7883,0.15433879,7631,0.15282014,7991,0.15106598,3132,0.14551193
f178,1295,0.08535208,8019,0.07893426,2,0.069213,821,0.06812955,4565,0.062887765,8166,0.0541119,7400,0.053900167,1552,0.048588727,1375,0.047601923,7984,0.04396821
f179,4958,0.21237162,7787,0.19789387,8033,0.18915868,5580,0.17973018,7797,0.17905837,7550,0.17274736,7776,0.16294491,8044,0.15513512,7562,0.15030983,7600,0.15011507
f180,6703,0.26462618,788,0.25322235,7883,0.23827295,794,0.211633,7894,0.19755904,797,0.19159591,6716,0.18519942,6715,0.18519942,7974,0.1806951,7975,0.1806951
f181,8060,0.14454219,8065,0.11762983,7256,0.111398555,6087,0.10754061,5919,0.10685887,5918,0.10685887,5920,0.10685887,6720,0.105465434,5913,0.105110444,5914,0.105110444
f182,2758,0.16935411,3806,0.1476649,7974,0.14418575,7975,0.14418575,8077,0.14193958,4785,0.13917017,6693,0.1366546,5744,0.13619223,8734,0.13388155,5612,0.13348515
f183,1466,0.18328507,5120,0.17501573,6041,0.15324795,1363,0.14662807,1393,0.14662807,1371,0.14662807,1875,0.122653715,7199,0.116586216,1313,0.108867355,5506,0.09435121
f184,7758,0.2195545,5345,0.20462817,7819,0.19782709,5657,0.17393084,7883,0.16886465,6050,0.1661127,3231,0.1624314,5347,0.16084085,7820,0.16041102,7759,0.15656671
f185,5514,0.09574229,2660,0.09046924,7967,0.08609434,8071,0.085245594,5639,0.08028829,7809,0.0794779,6910,0.079189695,7289,0.07750125,7896,0.07697566,4666,0.07572863
f186,8067,0.28810656,5821,0.23084986,5822,0.23084986,5435,0.22346754,3955,0.21576531,5439,0.2082703,5913,0.20345154,5914,0.20345154,5912,0.20345154,5839,0.20200294
f187,1886,0.08207407,430,0.07815064,5919,0.07667653,5918,0.07667653,5920,0.07667653,7476,0.07558457,8006,0.07349228,531,0.0731672,452,0.0722706,5903,0.07204559
f188,7798,0.2594662,7911,0.24448293,7797,0.22335757,7561,0.22111043,7795,0.2177702,7753,0.21526417,7793,0.21006466,7883,0.19969924,4299,0.19791703,8111,0.18460657
f189,7776,0.308122,8066,0.28395882,7779,0.27188313,7797,0.24878658,7883,0.23504885,8021,0.2087451,7550,0.19907182,8065,0.17578743,3294,0.15711072,734,0.15562385
f190,1343,0.11521869,1340,0.11521869,1641,0.095633335,1700,0.086414024,384,0.08195697,735,0.080581814,8111,0.073131815,3635,0.07119221,4052,0.06668611,4053,0.06668611
f191,7753,0.07835204,7748,0.075265944,384,0.06499146,7923,0.056471072,8059,0.055809636,1395,0.05435673,7793,0.053985998,7883,0.052779656,7918,0.04749342,7758,0.047322422
f192,8700,0.2010176,220,0.17877842,6559,0.1676283,8677,0.16335937,7917,0.15708116,5140,0.15644939,7971,0.15635611,5500,0.15472351,6616,0.15453102,6660,0.15280755
f193,7758,0.21336856,220,0.19930318,7815,0.18508518,5580,0.18417792,7917,0.18104093,7902,0.17781526,7816,0.17712222,7759,0.17502622,7911,0.17251068,6660,0.17057216
f194,4626,0.36113578,2768,0.36113578,910,0.26397255,3295,0.15041499,3296,0.15041499,4896,0.14581212,8025,0.13698065,4378,0.13618995,3203,0.13618995,3632,0.13038585
f195,7199,0.17086504,6062,0.14537865,6058,0.13557503,7574,0.13400559,7925,0.1322517,7865,0.13027695,7818,0.12898922,6045,0.1249708,7605,0.12461916,6618,0.12416582
f196,4772,0.20682894,5304,0.18201518,7786,0.1278302,5236,0.11846943,7873,0.11831414,7308,0.11552953,4618,0.113644585,3179,0.11250825,8075,0.11047665,7300,0.109584376
f197,5619,0.08147811,1544,0.0629985,7753,0.062394902,7991,0.06228803,7798,0.06204908,8111,0.05990302,8059,0.05920036,7793,0.0588268,4697,0.058314875,7883,0.057579894
f198,984,0.111442156,4154,0.11016918,4153,0.11016918,7528,0.10940876,5002,0.10870704,3050,0.10836967,7748,0.09981874,5596,0.09870827,5497,0.09763781,5627,0.09722515
f199,7126,0.21179451,6614,0.21084443,8711,0.20219621,7911,0.18729635,3873,0.18684742,6640,0.18130952,7424,0.17526422,5580,0.17452195,4922,0.17169516,8684,0.16991013
f200,3686,0.21789677,7883,0.19823945,8044,0.19738635,6614,0.1879564,8711,0.17143522,4648,0.15709722,1162,0.15626223,7792,0.15315244,997,0.15287386,5606,0.15281472
f201,8028,0.12645948,7798,0.1169114,5428,0.11204247,5999,0.11071669,5272,0.11071669,7911,0.11055087,7894,0.10842274,8059,0.10612629,7787,0.106021844,7797,0.1051087
f202,8111,0.34648946,7756,0.30040178,7887,0.27795804,7883,0.25520736,7748,0.24820422,7901,0.23283392,7561,0.20864317,8746,0.20796135,7751,0.2062073,6606,0.20591664
f203,3366,0.21295567,4515,0.17665745,1924,0.16886221,8007,0.16350862,8001,0.16021574,7931,0.15363961,5954,0.15107182,7873,0.14945628,5198,0.14854951,7000,0.14755782
f204,3366,0.25211295,1924,0.2004853,5867,0.19323623,399,0.17882273,5953,0.15537134,5175,0.14972684,5919,0.14850728,5918,0.14850728,5920,0.14850728,6849,0.14488947
f205,7797,0.21049207,5705,0.20003776,4655,0.19564037,8028,0.18430205,4828,0.17765741,2858,0.17542015,7798,0.17437953,4746,0.17391978,7822,0.17252734,7787,0.17083763
f206,473,0.26921952,3293,0.21646693,4986,0.18807907,3282,0.18662862,3284,0.18488902,448,0.18295656,5952,0.17433167,3286,0.16836365,6138,0.16760512,5012,0.1488072
f207,822,0.19041401,4442,0.18746376,4770,0.18448287,5606,0.18433379,6985,0.18068606,4845,0.18003859,5338,0.17799214,5663,0.17167668,3139,0.16886303,3081,0.1660781
f208,7758,0.20483385,735,0.19960237,7753,0.19337846,6985,0.18796514,384,0.18749665,8028,0.1564815,5782,0.15517776,8547,0.15297511,4449,0.15164647,4201,0.1512008
f209,5194,0.34750924,3291,0.2718609,3894,0.26227856,480,0.23816068,5010,0.2354863,473,0.22599328,3282,0.2211554,3288,0.20395713,5952,0.20158939,3283,0.19999154
f210,2503,0.18913177,7632,0.18507451,8726,0.17406872,7280,0.17277135,555,0.17166804,3240,0.16915351,2589,0.16776222,2423,0.1626153,3385,0.1578837,7339,0.15355386
f211,7225,0.16846834,5269,0.1648275,5200,0.16090982,1918,0.14567804,6032,0.14345479,7437,0.14220019,7234,0.14201763,220,0.1373243,4029,0.13491331,7409,0.13406737
f212,7655,0.8459808,7789,0.7673916,7798,0.7544324,7764,0.69127136,7793,0.6882697,7795,0.6638573,7797,0.6082287,8033,0.5098368,3691,0.48841798,7883,0.365429
f213,7101,0.26833105,7103,0.19255963,3772,0.11949132,3773,0.11949132,6501,0.10803959,6145,0.10803959,5828,0.09109468,5829,0.09109468,5827,0.09109468,6486,0.09099143
f214,5290,0.20935354,6140,0.19609644,6138,0.19553782,6109,0.17497467,220,0.17415935,6113,0.16939202,8099,0.16926616,7181,0.16397415,3268,0.16303034,5189,0.16259225
f215,5190,0.23682912,6109,0.21837963,3265,0.17894118,4416,0.1354747,5951,0.13243014,4986,0.12875496,7012,0.12713397,8679,0.1255426,3889,0.12206445,3276,0.12001877
f216,8726,0.115982,4859,0.10296316,5681,0.1012306,7323,0.09924235,4396,0.09899127,3368,0.09596204,5330,0.09190641,5990,0.09065274,7900,0.09007035,7796,0.08911391
f217,6390,0.2724124,7480,0.20633599,6134,0.13614449,1893,0.1273638,3630,0.12722519,7407,0.12690023,6117,0.121941246,6142,0.12158417,6097,0.12158417,8731,0.120897576
f218,6109,0.075524494,3270,0.075043164,3269,0.07361716,5189,0.07297794,6133,0.0701997,6138,0.068595156,5949,0.06695389,5952,0.06524612,7126,0.06449693,5188,0.06380954
f219,4188,0.24983993,4187,0.24983993,7778,0.24645415,3566,0.21533617,3080,0.21109717,8740,0.1945851,5606,0.19228327,4339,0.19022545,736,0.18260884,4844,0.17734526
f220,7427,0.15330555,226,0.1341665,6628,0.12769644,5711,0.12425822,5913,0.12016118,5914,0.12016118,5912,0.12016118,8726,0.11845735,6604,0.1174008,5900,0.11559703
f221,3276,0.30842137,3275,0.30842137,6108,0.26019904,5188,0.25189185,3274,0.21294138,6109,0.16566148,772,0.1589191,432,0.13064413,5183,0.12837036,5951,0.1270608
f222,5187,0.2306299,4993,0.22217068,5193,0.18850963,5952,0.18441449,473,0.18018448,5589,0.17852908,6108,0.17793591,3267,0.17769176,6128,0.17752253,5195,0.17733145
f223,5218,0.2930786,3176,0.18682428,7895,0.18262662,7919,0.1733685,7898,0.16747129,7896,0.16585937,7912,0.16185148,7918,0.15311792,8054,0.15149787,2893,0.14709201
f224,7883,0.25957283,8111,0.23749472,220,0.23061635,8038,0.22067836,7749,0.21320337,8043,0.21189289,7885,0.20769714,7901,0.20552398,7792,0.20461632,8035,0.20393229
f225,3702,0.084410906,7996,0.08368732,5841,0.08069924,2642,0.07269351,5665,0.07044603,7576,0.06987263,6649,0.06805955,2675,0.06631016,7423,0.065276705,1878,0.06525053
f226,8168,0.27940804,7779,0.23440765,5428,0.2267079,5117,0.20768054,7918,0.20688254,5408,0.18365872,4031,0.18266283,7767,0.18113059,7550,0.17825344,8025,0.17680162
f227,7939,0.24803089,551,0.24590808,3220,0.24409224,3225,0.2431246,591,0.23977335,5506,0.22535013,7436,0.21940134,3335,0.21798186,2442,0.21532463,3605,0.21284953
f228,4160,0.36005816,5201,0.34786862,4979,0.34175524,3816,0.32728246,2193,0.32298017,6583,0.31512573,687,0.31011608,3601,0.30564448,689,0.2958048,4219,0.2951524
f229,8111,0.31824934,7314,0.26454094,7748,0.26244667,7883,0.25759864,5394,0.22868194,5395,0.22868194,220,0.22419646,7818,0.22312392,7923,0.22280067,7815,0.22277434
f230,7798,0.71140486,7793,0.7014596,7797,0.5835489,7789,0.54798186,7764,0.53158444,8033,0.43200025,7795,0.43127698,7883,0.34749997,8027,0.29879418,7655,0.2912451
f231,1343,0.11521869,1340,0.11521869,1641,0.095633335,1700,0.086414024,384,0.08195697,735,0.080581814,8111,0.073131815,3635,0.07119221,4052,0.06668611,4053,0.06668611
f232,8111,0.24200243,7561,0.21692076,7779,0.21391413,8028,0.20504566,7883,0.18532297,8552,0.18266533,4512,0.1754021,7778,0.17523648,5227,0.17489736,220,0.17472598
f233,5330,0.09473208,8684,0.08483273,2798,0.08430366,6559,0.0835986,7263,0.082160056,8698,0.08181447,7183,0.08017758,7803,0.08001217,7609,0.078142904,7247,0.077451
f234,7901,0.09501732,1766,0.0946318,752,0.09380734,2544,0.08734091,6235,0.07379448,6230,0.07128898,2744,0.06598162,6678,0.06272696,4846,0.0626161,7191,0.061619986
f235,5662,0.13143559,364,0.12978664,7878,0.12407092,1162,0.12388338,3089,0.120877236,7748,0.12025177,997,0.11859052,6055,0.11775502,7792,0.11463981,7561,0.11429548
f236,8543,0.27423507,3079,0.26321697,4846,0.25631335,3593,0.22834735,5216,0.22358854,6815,0.21073194,5861,0.21004039,5860,0.21004039,5415,0.200423,2544,0.19827941
f237,788,0.20736429,7898,0.18856442,8034,0.18569781,2679,0.17757426,8095,0.17559958,5671,0.16695958,7561,0.1651323,7843,0.16448754,6705,0.16062905,6842,0.16008751
f238
f239,4698,0.16065364,6067,0.12384464,8689,0.12375959,5736,0.1179861,7780,0.11648424,7402,0.11493466,8166,0.10935934,472,0.10671292,8692,0.105831474,984,0.102579646
f240,2701,0.10341849,3434,0.10341849,5158,0.10279718,6046,0.093687326,7186,0.0791677,6087,0.07103668,6072,0.0704705,3357,0.06980905,2877,0.06624695,646,0.064138696
f241,5023,0.1406693,890,0.13383895,819,0.12354322,2894,0.12208948,4971,0.12101712,3546,0.11977598,2884,0.1130807,7788,0.11294814,2868,0.11111576,6967,0.1108034
f242,5176,0.33675018,453,0.26552862,7780,0.20820032,5175,0.20562251,472,0.19239043,6062,0.17680787,5192,0.16859433,6190,0.1583639,3218,0.15098275,3217,0.15098275
f243,3019,0.17843099,5835,0.17524593,5834,0.17524593,5854,0.15929833,788,0.15868253,6880,0.14076224,3208,0.1387818,5534,0.13569346,5468,0.1327826,5868,0.13089809
f244,4109,0.16264972,5117,0.1462488,4271,0.14583977,7854,0.13959837,5652,0.13358957,8078,0.13189591,7561,0.13156816,873,0.13109,5394,0.12993787,5395,0.12993787
f245,5868,0.19107814,5869,0.19107814,5470,0.18095881,3019,0.17801242,5835,0.17773841,5834,0.17773841,6609,0.1753487,511,0.17475544,5531,0.16736954,5854,0.16682948
f246,5948,0.19352108,5954,0.16591409,6073,0.16166434,5878,0.15180703,5877,0.15180703,5953,0.14756073,7980,0.14686507,5916,0.14446226,5915,0.14446226,5917,0.14446226
f247,7798,0.40387833,7795,0.3733848,7793,0.373229,7797,0.28095922,7764,0.2282776,7655,0.20673437,7883,0.15493004,7613,0.15238665,3691,0.15132502,8033,0.14902475
f248,8726,0.09910985,3582,0.09754211,547,0.08476074,6308,0.083508074,3269,0.08332581,1868,0.08300378,5990,0.07874743,3105,0.07835423,7180,0.07784876,8099,0.07763068
f249,1875,0.117479414,6243,0.07712335,7574,0.071755305,5758,0.070334665,2013,0.067226335,6794,0.06230708,4759,0.06131786,8740,0.058978386,1910,0.055997297,4972,0.055153362
f250,4021,0.1801791,6945,0.17060584,220,0.1628874,6846,0.15844242,8075,0.15843214,1213,0.15779488,1221,0.15779488,1175,0.15779488,1210,0.15779488,1216,0.15779488
f251,8545,0.20988813,8554,0.18515973,8558,0.17751862,8560,0.17113604,8118,0.14100891,8537,0.13928525,8544,0.13797754,4957,0.13295868,8564,0.13086343,7911,0.12868886
f252,7012,0.11915769,3582,0.11495515,522,0.11051554,8684,0.10680698,3789,0.09907109,7201,0.09700655,5190,0.096678466,1868,0.09618,6620,0.09178371,3394,0.09105937
f253,7183,0.19469182,518,0.17688112,5919,0.16417392,5918,0.16417392,5920,0.16417392,5873,0.16153172,5885,0.15431148,5886,0.15431148,5828,0.15394968,5829,0.15394968
f254,1868,0.2501151,3394,0.1681708,7517,0.16310135,3582,0.13251774,6705,0.10979918,788,0.109207965,7126,0.10765647,6155,0.10541904,7281,0.10088614,3395,0.09780237
f255,8523,0.43339527,8547,0.39976224,8546,0.3146658,4957,0.13137425,5437,0.11406211,2710,0.10802957,8559,0.10685848,1003,0.10296761,6535,0.09693366,4958,0.09507539
f256,7401,0.26479846,8028,0.2354887,554,0.20223533,7546,0.17589304,7848,0.1506229,8700,0.14547735,8737,0.14283645,8118,0.13754345,7314,0.1120751,4449,0.10446656
f257,6051,0.19664569,7480,0.16359963,8028,0.16210708,8700,0.15438418,7401,0.1509876,384,0.1374701,8560,0.1336366,7314,0.13317277,2758,0.118443035,6390,0.1112511
f258,2977,0.2316331,6810,0.20229945,6811,0.20229945,6812,0.20229945,5619,0.17958216,7797,0.17284103,6813,0.17274864,6321,0.17274864,7798,0.16822362,6512,0.16731776
f259,3394,0.19465719,3219,0.16982597,3923,0.16364132,3924,0.16364132,514,0.15444905,511,0.15417176,3582,0.15137325,7401,0.14868885,7012,0.1472,4916,0.14528286
f260,7789,0.19723533,7126,0.14485863,6209,0.133031,8718,0.1253029,3806,0.12349371,8712,0.12273518,5900,0.121889405,5899,0.121889405,5901,0.121889405,5732,0.12151624
f261,511,0.17519388,522,0.16736539,5826,0.15019926,5825,0.15019926,5863,0.13890329,5862,0.13890329,514,0.12145758,7897,0.11447289,5849,0.108324766,5850,0.108324766
f262,511,0.5761219,5868,0.35110572,5869,0.35110572,7898,0.32917675,5468,0.30256602,5903,0.30240512,5904,0.30240512,5902,0.30240512,5835,0.29590324,5834,0.29590324
f263,5168,0.17079633,3975,0.14103848,4742,0.121134095,8740,0.12048942,513,0.10989793,8549,0.10359305,7403,0.092108086,7985,0.09041407,8746,0.08535335,8532,0.07468698
f264,2597,0.09933256,7279,0.094218366,3508,0.08908913,7199,0.08288892,2243,0.07758741,5758,0.07718102,6758,0.07608575,6094,0.07344278,645,0.07083523,3437,0.07065364
f265,3975,0.16652666,8538,0.16621278,5168,0.15380074,871,0.15360597,501,0.13706575,513,0.12959108,7985,0.12910542,507,0.12798935,8740,0.12684573,500,0.12436572
f266,3822,0.3117016,667,0.22582881,649,0.17787914,5644,0.16163196,6610,0.16157986,5997,0.1399946,553,0.13521703,6217,0.13488644,7264,0.13401853,8735,0.12918715
f267,8545,0.5273207,8544,0.3512388,8536,0.27124453,2438,0.24080859,8118,0.2288894,8564,0.22699912,8558,0.21849053,8555,0.2060735,8557,0.20502874,8554,0.19207537
f268,8105,0.16245136,4969,0.158038,697,0.139286,5758,0.13653433,5744,0.13318081,5757,0.1267949,3316,0.12561078,5627,0.12016113,7324,0.11800406,7877,0.11082179
f269,1454,0.22443916,1575,0.11930397,7517,0.11838406,344,0.10714463,1582,0.095443174,6991,0.090415895,326,0.0892872,1318,0.082029074,6318,0.08199485,8719,0.079552874
f270,5757,0.11655752,7991,0.114863545,8097,0.106619336,3046,0.10592793,8098,0.10261344,3359,0.10157713,8105,0.10065946,7323,0.099930435,7561,0.09833898,6982,0.09726619
f271,1362,0.4833569,1585,0.45544323,8042,0.42112193,1687,0.4078697,8111,0.40070683,1511,0.36435458,1378,0.35706255,1372,0.35706255,3199,0.35654244,4316,0.33784813
f272,1582,0.3547497,1606,0.19822438,2631,0.17038932,1418,0.16614085,1575,0.15877682,1420,0.1585795,1417,0.1585795,1426,0.1585795,1425,0.1585795,1428,0.1585795
f273,1417,0.26349303,1420,0.20556235,1412,0.20362504,1582,0.17038313,1606,0.16538076,1579,0.14780623,1426,0.13230461,1425,0.13230461,1428,0.13230461,1586,0.13105124
f274,1606,0.2140421,357,0.19466469,1579,0.1890402,3953,0.18434142,3954,0.18434142,8006,0.17351843,348,0.17269273,2858,0.17210095,2758,0.17180496,7479,0.16235931
f275,8006,0.39907354,2758,0.25825703,5740,0.2560541,8103,0.25559843,5919,0.24908791,5918,0.24908791,5920,0.24908791,7873,0.24437273,4525,0.2331977,996,0.23274004
f276,4982,0.2824981,2734,0.22889328,2631,0.19710843,1606,0.17610079,3345,0.1679712,8137,0.15017718,8037,0.14600602,1589,0.14088063,1579,0.14088063,1601,0.14088063
f277,2758,0.26325098,1405,0.21978268,1412,0.17438734,5742,0.15926534,8006,0.15710118,5736,0.15054119,1598,0.14960782,357,0.14414078,360,0.14414078,1586,0.13934132
f278,8103,0.35527617,6903,0.29447603,8082,0.26199132,5919,0.26177743,5918,0.26177743,5920,0.26177743,5746,0.26076606,7307,0.259082,7304,0.25757977,8008,0.24849236
f279,5844,0.20597656,5846,0.20597656,5845,0.20597656,7313,0.20302913,7827,0.20247667,2913,0.19856723,2922,0.19721407,972,0.19599158,5890,0.18378344,5891,0.18378344
f280,2631,0.320685,1407,0.2910682,7871,0.2749006,5744,0.2674791,4837,0.26012745,991,0.24647067,8006,0.24568386,772,0.23671505,525,0.23425548,1606,0.23301153
f281,1586,0.2601866,1440,0.2058586,8006,0.20523691,1417,0.20245372,5744,0.189483,1598,0.18547632,1420,0.1833259,1426,0.18229608,1425,0.18229608,1428,0.18229608
f282,5919,0.16203068,5918,0.16203068,5920,0.16203068,5916,0.12938759,5915,0.12938759,5917,0.12938759,5900,0.12558903,5899,0.12558903,5901,0.12558903,3344,0.12257855
f283,2829,0.2159669,8046,0.21248962,3369,0.16948974,6956,0.1548766,7883,0.1494202,931,0.14841962,7256,0.14627,5606,0.1257714,8065,0.1247688,5701,0.12445069
f284,7517,0.11413072,5916,0.1051144,5915,0.1051144,5917,0.1051144,5957,0.100332715,2705,0.09905641,4329,0.09870005,1924,0.09803484,5703,0.09660971,5722,0.09478516
f285,2784,0.22617248,5702,0.21544538,5708,0.2080971,4691,0.20651221,5747,0.20393904,7006,0.20192556,4734,0.20053734,5720,0.19494931,3046,0.19268537,7865,0.19165088
f286,787,0.40382943,964,0.2576962,6640,0.2560282,4353,0.24370094,5657,0.23035264,6664,0.22607814,2703,0.2203219,7614,0.21725546,971,0.21259886,5795,0.20848633
f287,5703,0.18692754,972,0.18280233,2680,0.1574729,3444,0.15159513,4563,0.14836062,5711,0.14605317,6775,0.14059456,5730,0.13945496,5627,0.13389422,6767,0.13344048
f288,8726,0.24567841,4958,0.17626713,5703,0.14557177,2680,0.13822936,5711,0.13240688,5913,0.1310629,5914,0.1310629,5912,0.1310629,972,0.1275741,8679,0.12673362
f289,2990,0.25547424,5710,0.21441658,4491,0.21233658,2910,0.20582958,4578,0.20255606,429,0.18711138,3085,0.17803039,7998,0.17770086,434,0.17618123,3367,0.17322311
f290,1606,0.4711441,4599,0.44132715,980,0.43353212,4149,0.4317636,5740,0.4095229,3957,0.40832198,984,0.4038828,8049,0.401854,7768,0.4007072,4702,0.39552748
f291,1677,0.13403682,1713,0.13091975,7514,0.10123381,6252,0.10089793,2680,0.09953002,8571,0.09826967,1707,0.09818981,5712,0.098131165,972,0.08820399,3713,0.08719149
f292,7026,0.12039175,5744,0.10975441,7018,0.10951003,2679,0.10365487,8102,0.0994564,938,0.095395215,8006,0.091620736,8098,0.090764694,4921,0.08888879,8103,0.087913856
f293,1779,0.62049013,3520,0.46355242,8718,0.3963357,3912,0.33628243,7641,0.3354602,8147,0.32429978,5423,0.30704293,7992,0.2703613,8047,0.2452339,5562,0.23332399
f294,325,0.12135294,349,0.10745501,3139,0.1039818,2986,0.09624176,5703,0.093515486,1452,0.08644633,2680,0.0794859,7841,0.07512645,6783,0.07186261,1713,0.0690338
f295,7992,0.17143925,1744,0.15316409,1918,0.10763126,6606,0.10444143,7280,0.10361822,947,0.093069784,5913,0.09119201,5914,0.09119201,5912,0.09119201,3806,0.0889946
f296,1738,0.22849014,8153,0.22272897,5940,0.1976512,1417,0.19616711,5908,0.15621719,5909,0.15621719,5911,0.15621719,5910,0.15621719,5935,0.1559044,5373,0.15441671
f297,8730,0.08650949,8729,0.08650949,6559,0.07475676,5919,0.0747501,5918,0.0747501,5920,0.0747501,5900,0.07052563,5899,0.07052563,5901,0.07052563,8676,0.06749085
f298,8028,0.15765376,5117,0.14547119,3589,0.13887508,5999,0.13751261,5272,0.13751261,678,0.13628484,4826,0.13407905,8564,0.13212326,1213,0.1265588,1221,0.1265588
f299,1782,0.50286704,1688,0.29982764,7992,0.15855755,5919,0.12959906,5918,0.12959906,5920,0.12959906,220,0.11884759,7748,0.107369855,6660,0.104406826,5916,0.10120494
f300,6559,0.06818214,8065,0.05504223,7827,0.054582555,7798,0.052659497,5919,0.050971765,5918,0.050971765,5920,0.050971765,5900,0.050362073,5899,0.050362073,5901,0.050362073
f301,1772,0.3600011,414,0.18227676,7753,0.16593885,5736,0.1596217,3562,0.156945,5903,0.14843841,5904,0.14843841,5902,0.14843841,7018,0.14568046,7010,0.14451061
f302,6068,0.25239006,8102,0.24812485,812,0.22268456,5467,0.19916804,3709,0.19324227,3159,0.15731102,6015,0.15632223,5919,0.15067801,5918,0.15067801,5920,0.15067801
f303,5676,0.2574032,8735,0.2502593,8740,0.2443634,1597,0.2344643,5744,0.23359434,7748,0.23124,5719,0.22824316,912,0.22500303,5458,0.22405033,7126,0.21688537
f304,7753,0.23694323,7869,0.23317502,6227,0.23103249,7561,0.22863264,5696,0.22524816,7997,0.2214788,7748,0.21430348,4256,0.20839626,4877,0.20434631,967,0.20341635
f305,8042,0.27996072,7951,0.272964,8092,0.22934371,7902,0.21797198,967,0.21410045,5701,0.2063685,5735,0.1999564,5900,0.19955477,5899,0.19955477,5901,0.19955477
f306,4483,0.20564125,5957,0.19590081,2904,0.18318026,938,0.17257106,4377,0.14959575,6779,0.14958176,4380,0.14042711,5889,0.13869607,7480,0.13691016,5951,0.13626166
f307,6119,0.15643582,5864,0.15533037,5949,0.15277074,5853,0.14814135,5952,0.14226244,5873,0.14133355,5900,0.1409444,5899,0.1409444,5901,0.1409444,5861,0.13702947
f308,7561,0.13079488,5611,0.12052012,678,0.10431983,6879,0.07641153,8569,0.06889181,8049,0.06260731,7990,0.059072863,3686,0.058761667,2952,0.056578726,701,0.056519058
f309,4664,0.16974914,7757,0.16410665,5617,0.15266518,5618,0.15262589,3778,0.14664733,6879,0.14467841,7954,0.14079733,5210,0.13941096,4546,0.1274896,896,0.11676907
f310,4836,0.11150788,853,0.103286825,6868,0.1000948,5919,0.09997721,5918,0.09997721,5920,0.09997721,4477,0.09228511,6866,0.09129057,7561,0.08869537,7946,0.08621414
f311,5431,0.09953564,3806,0.09557538,2758,0.09541504,7753,0.09115666,7792,0.09105748,7748,0.08887553,4621,0.08810619,5676,0.08420797,8111,0.082640216,7888,0.08038688
f312,1293,0.15858853,1283,0.15029648,7204,0.14302708,7748,0.13995193,7241,0.12662907,4580,0.1257341,8699,0.12171069,6614,0.12083774,1257,0.11772054,8714,0.11572993
f313,7758,0.20809807,5345,0.20118573,7819,0.19392785,6050,0.16461602,6087,0.15520057,3231,0.15230428,7820,0.14192538,5347,0.13848978,7750,0.13843863,5657,0.137425
f314,3309,0.29404867,5379,0.25983855,753,0.24084885,7498,0.23749904,7624,0.19862834,6869,0.19477001,2162,0.19240269,7793,0.18762428,7888,0.18350066,5327,0.17952654
f315,7517,0.19409397,7480,0.1854493,6390,0.153828,363,0.1411547,2758,0.13565269,6684,0.11947909,2060,0.11861843,4258,0.11705121,7600,0.11638347,6640,0.11246259
f316,4681,0.46044767,540,0.42643172,8108,0.4045977,7762,0.38801122,2858,0.30699116,980,0.29538718,4702,0.27740473,7561,0.26205423,7795,0.25419378,7928,0.25038928
f317,1321,0.22559296,1395,0.21988961,1304,0.20241772,300,0.20085362,251,0.20085362,262,0.20085362,289,0.20085362,1391,0.1759117,1325,0.14529018,1743,0.13390242
f318,6390,0.08729744,1591,0.0679978,2758,0.058273558,7792,0.058036767,1585,0.05685668,7480,0.056410212,8101,0.05209324,363,0.04953477,5919,0.048857916,5918,0.048857916
f319,3562,0.15951611,6142,0.15770286,6097,0.15770286,2758,0.15173824,3806,0.14399737,7250,0.12530936,2884,0.1247184,7525,0.12152263,7529,0.12152263,6067,0.120302215
f320,7480,0.20574299,6390,0.13544992,4807,0.09621866,3753,0.093027286,3055,0.088171944,2758,0.08182837,2739,0.08043933,5235,0.0783452,7086,0.07768619,5570,0.074264936
f321,6809,0.10947785,3055,0.10153814,7611,0.096002236,8539,0.087107405,448,0.08265826,737,0.08144454,3097,0.08022379,935,0.07992363,744,0.07930559,2039,0.07836175
f322,7561,0.3071304,7883,0.25781086,7928,0.25538397,7756,0.24910943,3141,0.2461423,5681,0.24474895,3359,0.239946,820,0.23229799,8006,0.2269936,5703,0.22258277
f323,7753,0.113308854,363,0.08277389,7756,0.07454999,7748,0.07233467,7885,0.067869805,7989,0.06383955,7887,0.06316708,5635,0.061537046,6313,0.061529886,7515,0.06102225
f324,7753,0.16966166,7883,0.12653518,5949,0.12157218,5919,0.11689845,5918,0.11689845,5920,0.11689845,5431,0.11611095,5856,0.115520224,5857,0.115520224,8649,0.11471319
f325,7902,0.07713003,5531,0.074938774,5706,0.071473956,300,0.071367145,251,0.071367145,262,0.071367145,289,0.071367145,220,0.07038813,7963,0.06308734,5069,0.06304068
f326,5601,0.18308143,5864,0.16971502,7933,0.16933072,5900,0.1499266,5899,0.1499266,5901,0.1499266,7557,0.14499801,5504,0.14499801,8098,0.13943306,7226,0.139394
f327,7951,0.3307266,2639,0.3255968,4299,0.28849682,7918,0.28295147,4808,0.27147126,7967,0.25732478,7932,0.25467142,7561,0.25429106,6570,0.251621,3001,0.24636517
f328,7900,0.12175735,7984,0.121741585,7306,0.12088451,8102,0.11861968,7018,0.116182856,7974,0.11327605,7975,0.11327605,7561,0.112682104,7400,0.11224388,705,0.108828485
f329,5661,0.120703116,5552,0.11435721,7307,0.11121982,6891,0.11114161,5611,0.10966342,6775,0.108676925,6669,0.10529998,837,0.10481065,5677,0.103869274,6726,0.10323212
f330,5496,0.14357144,5458,0.12870085,8102,0.12780192,4755,0.12427639,3334,0.12266733,8719,0.12090229,8166,0.11857941,2883,0.11261755,6614,0.11081847,7805,0.1060666
f331,793,0.22560664,788,0.21183713,5468,0.20911935,7924,0.14889589,6736,0.14372203,6905,0.14334811,7894,0.14114724,7909,0.14023183,8700,0.1385299,5990,0.13824137
f332,5451,0.17355311,6698,0.16369799,5441,0.16163507,7992,0.15358725,7307,0.14820804,5500,0.13572788,5703,0.13478813,5439,0.13352264,5832,0.13275395,5833,0.13275395
f333,1552,0.12909274,7947,0.09802001,8102,0.08533962,2639,0.07405995,1627,0.07380592,7923,0.071872704,5791,0.07175749,7883,0.07041291,7974,0.06702969,7975,0.06702969
f334,7758,0.18764518,5345,0.1748882,7819,0.16907558,5657,0.14865233,7883,0.14432243,6050,0.14197046,3231,0.13882415,5347,0.1374648,7820,0.1370974,7759,0.13381183
f335,8569,0.2963986,7776,0.24387349,7550,0.1661906,5423,0.15314281,769,0.15285444,3703,0.14018306,7561,0.13620998,8769,0.118597634,5436,0.115183644,8168,0.11414997
f336,5447,0.104948714,8700,0.103305146,8168,0.07899371,5469,0.07385603,5606,0.07217374,3847,0.07050009,7314,0.068479955,5418,0.06752373,5419,0.06752373,5919,0.067186326
f337,4031,0.11180253,7779,0.10197326,8066,0.101676874,8677,0.09499771,7790,0.09317298,1582,0.085580565,5469,0.084479116,7974,0.08095115,7975,0.08095115,5408,0.08089743
f338,7561,0.12854144,7890,0.12664999,7918,0.1249466,5497,0.11673611,8111,0.11655399,7891,0.11184138,8087,0.104440056,6974,0.101181306,7971,0.10101605,4459,0.09955711
f339,7992,0.27408344,8065,0.26766682,7561,0.265995,220,0.25190356,7779,0.24384359,7767,0.22435331,7764,0.22381085,3143,0.22119203,7902,0.21941797,7918,0.21805823
f340,7314,0.25158447,8711,0.24271424,5598,0.23923087,8700,0.22702701,1885,0.21761693,7561,0.21717574,5580,0.21280886,7894,0.20688792,7970,0.20602416,7896,0.20287839
f341,7884,0.13383214,7797,0.12967336,566,0.12205076,5519,0.11846995,7848,0.11625032,5021,0.11122381,4653,0.10602961,6065,0.10045332,8026,0.09687112,7748,0.09493233
f342,7797,0.12248029,7884,0.091775544,7562,0.085082054,3987,0.083600506,8111,0.0833376,8033,0.08139955,8026,0.07623758,3089,0.0738484,7764,0.07282353,4226,0.071776696
f343,7789,0.56346107,7798,0.51076615,7793,0.4826301,7764,0.47740096,7795,0.4624529,1637,0.4312592,7655,0.3953304,342,0.38477463,8033,0.36966628,7797,0.36434948
f344,8718,0.14915657,220,0.11539516,3881,0.10429497,5652,0.103905946,5436,0.10366219,6235,0.10012393,6660,0.09805858,4453,0.09482616,5428,0.09281101,5437,0.089547224
f345,5736,0.27073282,3143,0.25627607,995,0.25020087,5737,0.24905318,996,0.2398157,6684,0.22838676,980,0.22609481,997,0.22558816,4512,0.22547191,7314,0.22465749
f346,4929,0.06542693,5687,0.05374372,6054,0.050502386,2445,0.050261382,527,0.04842439,6522,0.047594517,3343,0.047180466,7200,0.046405714,6983,0.04540216,3209,0.044857707
f347,7748,0.26359645,8111,0.25247797,7753,0.17543288,777,0.17502074,778,0.17502074,8742,0.17319584,1544,0.16891639,5900,0.16778718,5899,0.16778718,5901,0.16778718
f348,7792,0.16273041,7790,0.15721995,7787,0.09988282,7786,0.09813844,7793,0.0958421,448,0.081824765,7795,0.080481276,3391,0.06982302,4963,0.06931505,7791,0.06838376
f349,7404,0.06846197,431,0.0571693,5176,0.051652916,6190,0.045249164,7780,0.04473274,537,0.043215927,1764,0.040835213,6051,0.040424798,4071,0.040219493,5173,0.040010177
f350,5158,0.10203882,8548,0.100269854,6062,0.09274162,4985,0.09249578,7780,0.07603557,8051,0.069525495,7746,0.06765028,429,0.06570273,4283,0.063344054,7763,0.06126784
f351,7764,0.21962494,4068,0.1971462,7918,0.19126129,769,0.1874555,3703,0.18027608,5436,0.17817852,7992,0.17734213,7561,0.1739403,8168,0.16340137,7779,0.15729086
f352,7791,0.22548343,7623,0.13247378,384,0.12625313,8701,0.12540314,5960,0.1208367,1295,0.113693886,1386,0.11330583,1575,0.11299651,2758,0.11288146,7513,0.11268349
f353,3714,0.2523879,7480,0.24025373,7190,0.23507047,5672,0.22338924,2202,0.22246534,6995,0.22201966,7863,0.21830079,5623,0.21684326,5624,0.21684326,7930,0.20892444
f354,7764,0.42694306,7655,0.42450133,8100,0.40310884,7789,0.39522552,3691,0.39082253,7793,0.3552251,7797,0.35074836,7795,0.31598023,7798,0.29364306,7609,0.268038
f355,7561,0.15877686,7756,0.14135051,7763,0.13557538,8102,0.1295302,7992,0.11688217,7877,0.11502038,997,0.103221804,7748,0.101405464,7928,0.0982636,8033,0.0976046
f356,7790,0.45935845,7792,0.22749558,6559,0.1429861,7561,0.13227487,8700,0.12207843,7748,0.11676138,7793,0.11275943,384,0.10969214,7241,0.109386176,7097,0.10842199
f357,7797,0.97221255,7795,0.88236433,7793,0.8595786,7798,0.8328731,7655,0.5923079,7764,0.33626008,7789,0.31822047,8740,0.2850948,8100,0.27490103,3691,0.26686934
f358,7792,0.21951875,7561,0.17443167,3174,0.15157437,8108,0.15008353,7790,0.13445543,919,0.13104226,8678,0.13051908,7883,0.12887643,392,0.12694341,5627,0.121513136
f359,7789,0.46264833,7600,0.2562756,7655,0.13548154,3691,0.12867686,7798,0.121131286,7764,0.120714426,7748,0.11860676,7793,0.11371197,8100,0.11293167,3326,0.11232968
f360,7792,0.23081246,7561,0.20635498,8111,0.20194077,7992,0.18458645,5919,0.18349181,5918,0.18349181,5920,0.18349181,7748,0.14910391,5900,0.14747271,5899,0.14747271
f361,7764,0.3778423,7798,0.32536903,8033,0.3021157,7797,0.27189255,7795,0.26619565,7793,0.2623389,8110,0.24150144,8109,0.24150144,7777,0.20950745,7883,0.20387708
f362,7561,0.28910732,8111,0.25213978,7748,0.24783112,7883,0.24452335,7480,0.23720947,5900,0.23057124,5899,0.23057124,5901,0.23057124,8700,0.22690433,5919,0.22106217
f363,3141,0.20783605,5703,0.20068192,3359,0.19957745,5619,0.18868235,5704,0.18725684,6983,0.17484996,968,0.17126435,1895,0.17097312,1488,0.16903488,5669,0.16866195
f364,1486,1.1049435,1394,0.92078614,1345,0.7756313,1507,0.73662895,1672,0.55247176,1785,0.46039307,326,0.38781565,7958,0.33935556,1411,0.33635014,1368,0.33635014
f365,649,0.5884067,3822,0.19586203,8677,0.14372152,5997,0.13491721,667,0.113217264,7561,0.11189875,6087,0.11050452,8102,0.107268706,8740,0.106457494,5644,0.10150617
f366,7762,0.49191955,8726,0.19858004,3106,0.13445815,7928,0.12420291,755,0.10765354,7973,0.10715086,8061,0.10478425,8737,0.10150671,5468,0.10072902,7824,0.09874434
f367,694,0.16456276,1098,0.1492339,7619,0.1435074,2716,0.13841932,595,0.13706769,2369,0.13455309,4218,0.13159342,4217,0.13159342,4346,0.12983859,4347,0.12983859
f368,7206,0.30034956,3018,0.2517685,4777,0.25040695,4776,0.2454031,4932,0.21746968,7521,0.21611565,3188,0.20558646,2657,0.1912966,3394,0.17885134,4726,0.17863247
f369
f370,567,0.48247665,559,0.42793494,3396,0.41413727,3397,0.36453098,3052,0.33868566,6152,0.26354212,6153,0.26059097,3394,0.13913669,6398,0.1385179,908,0.096443385
f371,5214,0.13064277,4659,0.120904915,5708,0.103028394,3991,0.10266536,3156,0.10154791,3143,0.10045062,7439,0.09764098,827,0.09290414,955,0.088589676,5334,0.08651819
