fb1,5986,0.785062776754,5987,0.785062776754,1748,0.828643461968,4912,1.15869511306,387,1.26340992745,8027,1.27693779255,389,1.28252415807,12,1.28919493717,5206,1.29992415959,392,1.31021418193
fb2,5986,1.17772822158,5987,1.17772822158,5206,1.25400930975,1748,1.25411419971,4912,1.26541149784,5099,1.26752545728,6536,1.26877677218,5618,1.27032456449,5458,1.27231722954,8742,1.27777336309
fb3,5986,1.18309039544,5987,1.18309039544,1342,1.24769010167,1748,1.26275303152,5206,1.2694405357,4912,1.27781618192,1627,1.28941542382,4868,1.29067426327,5236,1.2942833799,4928,1.29567631897
fb4,5784,1.23297378716,1094,1.24244298734,1944,1.25817674961,2181,1.26034717635,4390,1.26042510182,6314,1.26463927862,2136,1.26653398586,2019,1.26884919096,3865,1.27627837629,1134,1.28128616297
fb5,7855,1.18746430094,3356,1.25306208246,7284,1.25319927706,5233,1.26131470617,7839,1.28347941038,7928,1.28445251957,6326,1.28510725391,6263,1.28520479383,4228,1.2914478227,7018,1.29162309643
fb6,7016,1.19856252422,1003,1.23262442998,3356,1.2475211231,7325,1.24971651101,7409,1.25661853023,6660,1.25791899378,220,1.26074928758,7011,1.26832959641,7403,1.27241946471,7401,1.27558974213
fb7,7973,1.23345230346,5999,1.2571070107,5272,1.2571070107,7016,1.25930131646,1606,1.26430273812,5290,1.26489350711,7758,1.26931125129,2799,1.27068251751,7251,1.27149802896,5742,1.2806182137
fb8,1323,1.23339696374,8018,1.23651949684,7928,1.25669207616,5215,1.26287657816,4397,1.27115848544,967,1.27543391268,1350,1.27916627777,5743,1.28274925434,7011,1.28334748894,707,1.28614218385
fb9,5236,1.13577382695,1604,1.17867778987,4123,1.18608158303,1600,1.1889477195,5290,1.19446942425,1340,1.20532728706,1343,1.20532728706,3139,1.2127740602,1606,1.21609672411,5458,1.21912814343
fb10,5232,1.19958565577,3002,1.20759127553,3524,1.21168439565,2705,1.25405873433,2851,1.25784769941,1446,1.26272815405,4645,1.26887305777,3766,1.27040931683,3658,1.27293746853,4111,1.27344519883
fb11,1388,1.21427335019,1395,1.24730400399,1372,1.24947540828,1310,1.25379582855,1369,1.25563941356,6988,1.25943517096,7747,1.26016130666,1266,1.26212887433,979,1.26555871923,5339,1.26799499172
fb12,4555,1.027201888,4824,1.04385432931,4096,1.04985252389,1604,1.13781502421,1360,1.15240023935,1606,1.15556187287,1575,1.16005658011,4921,1.16197714856,1582,1.1620302526,2814,1.16287733533
fb13,5262,1.12498469771,5241,1.12543249577,5246,1.13135419144,5243,1.13617851297,5267,1.1376878564,5245,1.14022570511,5264,1.14295597238,5266,1.14441381834,5257,1.14597876625,5252,1.15588606484
fb14,983,1.26846801537,7016,1.2737243787,3175,1.27728992775,1009,1.28134744267,4568,1.28293317473,4699,1.28585192398,972,1.28622645573,7993,1.28904283452,6720,1.29397509047,5747,1.29822376244
fb15,7551,1.1358649412,6644,1.24173800288,6317,1.25451457472,5207,1.25485390419,7007,1.28517851324,6320,1.28954194967,6579,1.29071513104,2708,1.29071993181,6996,1.29327744339,6660,1.29923151248
fb16,6750,1.19311462298,6590,1.19417052697,7925,1.21277259108,6628,1.21626525832,7997,1.22743187584,6692,1.22911338261,7990,1.23179440883,5752,1.23816833312,5214,1.23952213369,967,1.23953308224
fb17,8714,1.27837921522,1700,1.27860704969,5590,1.28458842914,1772,1.29075539213,7086,1.29220685387,1688,1.29460544746,1549,1.30158941783,7304,1.30622286688,6192,1.30860433951,1782,1.30887658391
fb18,7886,1.2294582379,488,1.28078117518,7884,1.28499775598,3996,1.29068109378,5174,1.29134746491,2720,1.29566690087,3386,1.29895056595,2983,1.30366327487,2966,1.30725750759,7254,1.30892426381
fb19,5743,1.2128535615,967,1.231676551,5708,1.23586472262,4253,1.24010958392,7869,1.24927459672,5696,1.24967932144,7820,1.25851226394,5502,1.26205297735,5501,1.26205297735,5330,1.26287896791
fb20,7655,1.25778068985,7014,1.29432344908,8066,1.31897008669,8111,1.32045709729,4795,1.3214291991,7882,1.32361824728,1343,1.32653382338,1340,1.32653382338,7748,1.33417250561,5698,1.33520280926
fb21,5686,1.09314412703,8719,1.09801922013,7581,1.10615413823,7311,1.13542307137,4807,1.13695278635,4228,1.1404563633,682,1.14508259077,2881,1.1523881279,6521,1.16237112555,4967,1.16258870173
fb22,4590,1.24939970808,6684,1.25060043364,2799,1.25874093201,7313,1.26046337877,2705,1.26295191493,3111,1.26600193464,7314,1.26739554188,8101,1.2715567317,2686,1.27528413342,7094,1.2759106484
fb23,7967,1.00242077932,5639,1.02265045143,4667,1.05317575378,6910,1.0693485906,7964,1.15226103534,6927,1.17547629552,7932,1.18288791971,6739,1.18328109028,3704,1.20705243048,2646,1.20870345966
fb24,5223,1.04228222256,5668,1.07142599203,7547,1.07461031497,5635,1.08800654038,6026,1.09542980415,4952,1.09793250722,4577,1.09925311888,4898,1.11139594062,857,1.11391796687,4522,1.12168393762
fb25,5610,1.23786559566,4362,1.25501067203,5236,1.25845100466,8088,1.26035974037,7938,1.26035974037,5671,1.26266263915,6620,1.26633719738,6714,1.27048029943,716,1.27063022859,969,1.27218616989
fb26,6791,0.982032401078,4495,1.15488380845,782,1.21130580316,7253,1.215039441,5556,1.21675073785,909,1.21844547213,915,1.23902700159,2999,1.23933115073,620,1.25365092278,3360,1.25798273007
fb27,892,1.04901750985,5646,1.05577803022,915,1.10277244055,3903,1.14106970333,609,1.15848478814,620,1.15947557401,4794,1.16962927888,2712,1.17277380462,552,1.17416264633,4693,1.17671581717
fb28,3011,1.31076669414,5736,1.31548826209,6672,1.31774963694,5657,1.32178628456,8732,1.32250223283,5099,1.32525707435,3037,1.32601227948,2427,1.32719484933,930,1.32870689964,7226,1.32943980371
fb29,8740,1.14663363083,2659,1.18549880007,8734,1.24475218859,7123,1.27895591985,8723,1.28410492353,1390,1.28703669655,3966,1.30532099643,3965,1.30532099643,8727,1.3058647039,7516,1.30978516606
fb30,2892,1.00997387018,3149,1.04422587023,4299,1.14264744482,5602,1.14524563145,7420,1.17172193722,7009,1.20169077409,6856,1.21899618497,6971,1.21981531206,2333,1.24029466864,7430,1.24581027488
fb31,8043,1.20129668654,2774,1.20200102948,4362,1.20262261667,3887,1.20480769945,3891,1.23066811623,5639,1.23141604726,4513,1.23322386203,8550,1.23624984857,5619,1.25106686743,4667,1.25363861145
fb32,6199,1.1397393594,4364,1.22393646375,6232,1.22941246779,3136,1.25621913521,6212,1.26470424557,2090,1.27427050062,4703,1.28403010919,5579,1.30224859531,2863,1.31365577799,6187,1.31437052122
fb33,2532,1.16645985794,2535,1.17494227513,2477,1.23150720498,3538,1.29479085396,2977,1.29783481015,1822,1.2996495725,2435,1.30191372678,5739,1.3101019797,5495,1.31115919296,8101,1.31279456099
fb34,5586,1.09326932394,6919,1.10513673875,7957,1.13521872183,8019,1.1437509778,7911,1.15143363116,6847,1.15275661033,6908,1.18375703535,4851,1.18549731989,3168,1.18684552368,4826,1.19046133957
fb35,7995,1.24129167079,7862,1.24616792977,958,1.24868940344,7834,1.25611698545,5466,1.26028834136,1888,1.26748054811,7852,1.27024278715,6973,1.27175712129,7846,1.27329959599,7856,1.27422682063
fb36,5639,1.0532070969,6910,1.10456430397,7967,1.15868957532,4667,1.1749279591,7964,1.19437729468,6739,1.19634769539,7932,1.21031217629,2646,1.21418286084,7966,1.22590164022,5656,1.2277813356
fb37,8714,1.3048003519,6396,1.31945478056,3877,1.33396622133,5657,1.33400095656,874,1.33932323511,7866,1.34383383673,7233,1.34498586652,7756,1.34925731412,799,1.35119019575,7264,1.35221378756
fb38,6739,1.2039087421,7899,1.21545324685,6910,1.22268591135,519,1.22389906287,6624,1.2277817246,6975,1.22809660152,7964,1.23099726564,5578,1.2320479694,4749,1.23819428328,4462,1.2385076872
fb39,5063,1.31333246032,2973,1.31382779931,3367,1.31483571319,7296,1.31557105276,3163,1.31955944928,1499,1.32038437058,1809,1.32043922027,6279,1.32340190351,5185,1.32512945023,5001,1.32574571355
fb40,2796,1.04997509924,2795,1.09929792791,1357,1.12427295432,1358,1.1294982712,3345,1.13960910824,8037,1.14339827246,5121,1.14577968071,3905,1.15655242691,2685,1.15722137635,3326,1.15818655505
fb41,3302,1.04837396969,5387,1.12684375589,6784,1.12874391251,4256,1.14024310828,5199,1.14129427348,7430,1.1420217963,3605,1.14388982667,4251,1.14451754543,4823,1.14722370832,842,1.14884483995
fb42,7894,1.20012317684,788,1.23253123737,7551,1.23496463411,6905,1.23606260195,839,1.24492162936,5468,1.25387355455,7895,1.26335451771,7912,1.26758109773,6703,1.26834929063,7924,1.27001984625
fb43,7020,1.15557443962,4191,1.17726343833,2731,1.19930695504,8100,1.21079555588,7655,1.22350011442,6058,1.24076374296,7082,1.2536874527,753,1.25784636052,6073,1.2593382784,2811,1.27036866639
fb44,6962,1.16828098557,6759,1.18341176591,2922,1.19511584689,6975,1.20862471792,7921,1.20896077848,827,1.22849199461,6773,1.23791896157,5515,1.23936317374,6771,1.23992925714,3012,1.24123194642
fb45,6759,1.12772871712,827,1.14484901131,7921,1.1479940519,6962,1.16096477142,6975,1.17074617303,3012,1.17888436358,4604,1.18097167251,5072,1.18124290322,2922,1.18157439119,5123,1.18261662063
fb46,4989,1.18838038013,6719,1.2005856525,7208,1.21154569022,2807,1.21806584049,3670,1.23789498212,3671,1.23789498212,3626,1.25943387906,941,1.25948439871,1851,1.26183967794,7259,1.26344916315
fb47,7391,1.10304908447,871,1.12550495809,4095,1.1319883579,608,1.14426066852,5581,1.14459985237,6587,1.16171827297,7934,1.16570736805,5865,1.16645599775,5866,1.16645599775,7057,1.16848660443
fb48,837,1.17053800041,4610,1.21027792542,6002,1.22353630552,1708,1.22649350925,1432,1.22649350925,804,1.2283854487,800,1.22990119561,8053,1.2438140979,8038,1.24953409592,2747,1.24961232326
fb49,1554,1.19495587027,3152,1.21936764578,2983,1.22234231858,6863,1.232225693,8699,1.23551259698,2966,1.2537559013,7254,1.2696757545,5177,1.2741718307,3479,1.2887060773,4813,1.2935540845
fb50,7020,1.13124583516,4191,1.21288485495,8100,1.21885769065,7655,1.23101836511,2731,1.24306650277,6058,1.25832609247,6804,1.26849777281,4078,1.2694568618,3691,1.27536951324,1810,1.27632702562
fb51,5151,1.28523448525,5229,1.29710655286,648,1.29831439758,363,1.30994936245,666,1.32012616618,5209,1.32029553826,13,1.32158604774,8566,1.32158604774,232,1.32158604774,366,1.32254917639
fb52,5466,1.11158448055,7830,1.19891342741,4768,1.20543337667,5633,1.21085894205,5634,1.21085894205,5398,1.21196613013,8101,1.22527310934,6804,1.22545950394,5654,1.23688629411,840,1.23777103013
fb53,6407,1.27306663158,7278,1.31688353627,5112,1.3269340099,3069,1.34174805757,4645,1.34288148187,1429,1.34311245392,7276,1.34461058949,5474,1.34561073621,224,1.34775049004,2971,1.35119824334
fb54,3592,0.939137702979,3575,1.0934368972,6272,1.09636512273,3922,1.09833511534,6851,1.15182111151,4369,1.16739145958,6269,1.18684215609,6785,1.24513353642,404,1.25039909519,6794,1.25526226683
fb55,4969,1.08256268117,6606,1.09582069362,6615,1.15195323101,6573,1.15195323101,6618,1.1522523497,3990,1.15628187552,3989,1.15628187552,2795,1.16352477966,6608,1.16452013268,3888,1.17120937663
fb56,1341,1.25864387823,1347,1.27061059529,5072,1.2916834095,6049,1.29303827103,3155,1.30119656622,6991,1.3051956366,2835,1.30781098416,2991,1.31400682229,1432,1.3146762598,1708,1.3146762598
fb57,5229,1.26546615711,5209,1.27993079829,7470,1.29897788564,7471,1.30562020251,2560,1.32880432439,7278,1.33082775958,3325,1.33225438444,3841,1.33644747379,3083,1.33691399862,5132,1.33989185787
fb58,5420,1.3069088001,990,1.31571234411,432,1.31608007903,8668,1.3219750192,8667,1.3219750192,7003,1.33048402816,1235,1.33095135014,6316,1.33128137816,1234,1.33136705507,1755,1.33191510587
fb59,766,1.12668671389,854,1.15719414663,1299,1.17090654254,3180,1.17463436645,925,1.20458313877,604,1.21486912578,6700,1.22086587238,5098,1.22440775694,5953,1.23194395146,863,1.23238706132
fb60,2441,1.11751601414,5229,1.14225425765,5529,1.14813488837,591,1.15339960254,6840,1.15852396853,7271,1.16456861876,4828,1.17768697046,2442,1.18706711303,4543,1.1917041166,3335,1.19581563037
fb61,433,1.17028710901,4933,1.29851051515,1682,1.31151669922,7841,1.3209018356,755,1.32262655981,5376,1.32835033004,3832,1.34008413034,6660,1.341316518,220,1.34250106998,4945,1.34261765761
fb62,5466,1.15413889183,6964,1.19013178979,7830,1.19697370304,6923,1.19771373808,6973,1.20698266713,7995,1.20947820799,7834,1.21329124992,5356,1.22105739282,731,1.22163524258,7900,1.23075167093
fb63,5229,1.28306739603,5209,1.30629854578,7470,1.32369800319,7471,1.33034384308,6193,1.34735083673,523,1.35695159651,5679,1.35915076489,1558,1.35925618188,3005,1.36274000582,3959,1.36332311961
fb64,7020,1.18295527782,7655,1.20503199155,3169,1.21992197177,8100,1.22108324966,4191,1.22117293188,2731,1.24499613618,3137,1.24744114688,4486,1.26663596948,7764,1.2733215415,2205,1.27668440011
fb65,1778,1.28638907515,5229,1.28651486824,7025,1.29225844573,6316,1.29672883119,5209,1.30099835431,6660,1.31081556425,220,1.3116797631,232,1.31423067676,13,1.31423067676,8566,1.31423067676
fb66,6326,1.23321030119,7749,1.24750914912,5608,1.25453233842,8534,1.2656804255,7329,1.26826510951,4871,1.27268706714,7928,1.27306734107,6621,1.27399387226,6622,1.27642820668,5743,1.27942701345
fb67,7749,1.14932682696,8551,1.15908629055,7765,1.17720913869,3071,1.17743154518,5016,1.19515616753,560,1.19960595949,8043,1.19994260439,6240,1.19998615729,4406,1.20530372046,4405,1.20530372046
fb68,7223,1.15534587414,7265,1.21072648864,7283,1.22220847503,3071,1.23624758038,6667,1.25073181664,4620,1.26152540717,8699,1.2648797948,6954,1.26605757887,6326,1.26937885929,6095,1.26967625876
fb69,7265,1.19158217895,7283,1.24816860141,7882,1.25458237333,7223,1.27171896378,6326,1.2925174776,6580,1.29730289763,2853,1.29768932982,7891,1.30440654668,6954,1.31016444452,772,1.31070301857
fb70,2704,1.2802329845,5724,1.28323782976,4123,1.28351385651,3230,1.28922385518,5325,1.29287993981,572,1.29319891021,2138,1.2933981049,7768,1.29437082794,2697,1.29480879733,5740,1.29596637797
fb71,5757,1.14038063816,7950,1.22224622698,8105,1.22280021753,2871,1.22387254211,4396,1.22406795341,7323,1.22789419183,5758,1.23026729792,3953,1.23201444826,3954,1.23201444826,7324,1.23836794149
fb72,789,1.25887081546,2743,1.26402942028,4216,1.27848908756,4922,1.27977139641,4757,1.28319239074,5407,1.28784411868,6973,1.28838991182,6923,1.2898664636,4453,1.29021706051,3159,1.29139274286
fb73,5197,1.16778852744,7828,1.17064280491,708,1.18885206339,6225,1.23404443696,6622,1.26228699131,4593,1.26272141525,4333,1.26557410879,5797,1.26595620909,5290,1.26842226538,2853,1.27480217446
fb74,3462,1.28571444535,6564,1.32363234933,2633,1.33723557644,1822,1.33852497908,7326,1.33929042768,3348,1.34146013442,6565,1.34626385014,8709,1.34786221407,8711,1.34932419111,1346,1.34954645211
fb75,7294,1.29354217513,7850,1.29604351321,6684,1.29861169165,1859,1.30508243471,6745,1.30739455341,2622,1.30793601232,7836,1.30917105242,4517,1.31198427447,6733,1.3127285427,6704,1.3147753308
fb76,6069,1.11656705168,4306,1.14367969853,4307,1.14367969853,7886,1.20995395268,7884,1.27321171404,4303,1.30745034828,3298,1.3109540132,669,1.31400634489,3996,1.3191654502,8723,1.32167474796
fb77,7372,1.17536202216,4107,1.19127398772,4216,1.20360921748,2561,1.22316069996,4104,1.22440399913,2592,1.23011325298,7366,1.23525603468,7367,1.2361741628,7379,1.24791098592,3033,1.24839810603
fb78,485,1.14004338424,461,1.14750725861,470,1.15137654048,3885,1.16580327393,3884,1.16580327393,6133,1.16857971007,480,1.17604929402,6115,1.18218639497,994,1.18619341384,781,1.18629070122
fb79,1151,1.14235847191,7752,1.15178930731,1149,1.17765710559,4785,1.18432007973,4163,1.19983385361,4164,1.19983385361,4172,1.21140789851,1148,1.21508580841,752,1.21963689504,4170,1.21973225755
fb80,6146,1.10785766502,7066,1.12092154935,7088,1.12680886365,7034,1.12804813962,7065,1.12806985066,7064,1.13062917898,6500,1.13068032059,7331,1.13068032059,6505,1.13984543337,7037,1.14371258865
fb81,5203,1.21413135869,8137,1.24976820353,5632,1.26030421632,7321,1.26151218915,7209,1.26359944697,6033,1.26931868141,6603,1.27110410641,4837,1.27423547086,5993,1.27668810646,6108,1.2777532992
fb82,7533,1.2908912969,4742,1.30876136431,2375,1.32528358132,4765,1.32574047171,1893,1.32629149739,2858,1.32768722353,7142,1.32780187531,6731,1.32824981988,2951,1.32873826673,7974,1.33144944472
fb83,7546,1.00172482002,8544,1.0713109159,8537,1.13249022334,8536,1.14617338837,8545,1.16086835491,8554,1.17425885822,8555,1.2100092918,8557,1.21240510494,8564,1.22489384594,8558,1.23717323561
fb84,7630,1.12560657147,6987,1.14872952257,2650,1.14886150444,5714,1.20434343558,1351,1.2060688817,2732,1.20755432508,7490,1.22914638057,7762,1.23398144455,4492,1.24102547281,5129,1.25286853916
fb85,5466,1.19495900923,7411,1.20803004246,4044,1.21280282456,666,1.21768882302,4453,1.22326971984,7403,1.22449949591,3832,1.22646706846,2491,1.22817540051,8532,1.22987350514,415,1.23014431116
fb86,1159,1.20999048346,4048,1.21815313201,4047,1.21815313201,4055,1.22062218828,3427,1.22214699098,4462,1.23469750106,7410,1.24707858427,7169,1.25855189494,7098,1.27284795691,7899,1.27466663485
fb87,2876,1.10187870833,646,1.1061706342,5158,1.11620224002,3357,1.15822176497,2837,1.15980144498,7186,1.17539940937,2877,1.17864591611,2701,1.19581962914,3434,1.19581962914,6087,1.19649656564
fb88,391,1.29657744391,5339,1.30520738142,8048,1.30567526493,7759,1.30934076992,1575,1.30955215711,7747,1.31004001677,4873,1.31132103147,5272,1.31232524061,5999,1.31232524061,7778,1.31822976752
fb89,7103,1.15767295564,2425,1.18179050545,4916,1.19370358389,4027,1.20385901472,5623,1.20759790006,5624,1.20759790006,6881,1.21005386456,6686,1.21274776887,4148,1.22560555553,6818,1.22824713929
fb90,7604,1.04215403825,3051,1.09763718483,1810,1.1103273849,772,1.11169275052,6943,1.12008217459,3813,1.12838929953,7640,1.13962898499,4682,1.14815914842,4490,1.15087841679,5400,1.15877989001
fb91,7747,1.23188471841,5339,1.24063272908,7759,1.24723034341,5999,1.24811141398,5272,1.24811141398,8005,1.25061916113,8051,1.25167586257,7891,1.25389273988,8027,1.2611679675,7778,1.26572763215
fb92,5272,1.18036903911,5999,1.18036903911,7747,1.18951322729,5339,1.20016719332,7759,1.20539021543,7819,1.22798688004,7778,1.22890344721,5345,1.2292646287,7816,1.24316702326,8051,1.2435403781
fb93,7891,1.13270689493,7747,1.16775447217,7759,1.17965778207,5339,1.18713769299,979,1.20687954658,7887,1.21404606239,2853,1.21607405647,7778,1.21798585565,6622,1.22126814594,7882,1.22171179837
fb94,691,0.983151093084,5177,1.0002164664,4671,1.00659519115,988,1.02675097634,717,1.04139109218,5989,1.07147006745,5139,1.0805063343,2689,1.084480501,764,1.08768340202,991,1.08830049798
fb95,8534,1.27408767267,7488,1.28714170519,7278,1.29101859806,7265,1.29896448055,7199,1.3037107809,6686,1.30513112287,5192,1.30531158678,5219,1.30536412699,5175,1.30772706742,6818,1.31131827164
fb96,5757,1.073234313,8105,1.12578168357,7324,1.14958233528,7323,1.15441288432,4396,1.15788363953,2873,1.18277331854,7950,1.20232542919,697,1.21999885537,3542,1.2298825147,8151,1.23374642164
fb97,3002,1.26378395778,6306,1.28852320464,262,1.29594248522,300,1.29594248522,289,1.29625644084,251,1.29625644084,1466,1.30350035347,1281,1.30543232726,7018,1.30655226719,1253,1.30870054927
fb98,1591,1.09286274606,1581,1.11051005623,1590,1.177719852,1785,1.21999330342,4329,1.25588894547,979,1.262716933,4961,1.26655841078,5380,1.27814480904,3143,1.28965862157,1585,1.29827992878
fb99,7789,1.21444096836,1585,1.21732797994,2973,1.22770659303,5234,1.23929893589,1444,1.24223295365,5233,1.24380748831,1442,1.2462782568,5185,1.25029809457,8104,1.26028405568,7764,1.27543865021
fb100,1604,1.14658603635,1360,1.16065239747,1575,1.16803939526,1582,1.16994396651,1581,1.19237575798,1576,1.19558053962,1606,1.19558486923,1608,1.19758649571,1425,1.20102418512,1411,1.20239964575
fb101,4324,1.15176621203,1439,1.20605940873,6331,1.22713714961,863,1.23357191368,5498,1.26666731184,6743,1.29319643122,6753,1.29604700325,6319,1.29604700325,4551,1.30560192452,7279,1.30724910067
fb102,1761,1.11902326965,4148,1.210290787,5277,1.24926020176,5278,1.24926020176,3589,1.25455521959,414,1.25670283601,5624,1.25960279872,5623,1.25960279872,5227,1.2615160613,3598,1.26188737286
fb103,1355,1.16050678867,8035,1.17752485806,8009,1.1923489637,8008,1.2159355052,8002,1.21720446219,1579,1.22616712742,2784,1.22703574132,8150,1.23270797202,1575,1.23390621473,1582,1.23526077385
fb104,5421,1.16955242394,4125,1.17862060566,7799,1.22981882107,2899,1.23951480924,5999,1.24130919242,5272,1.24130919242,2061,1.24808744828,7753,1.25033607502,4030,1.26282177429,2409,1.26351666513
fb105,4986,1.23095255432,744,1.23305113128,7999,1.23806317112,5233,1.23958652653,5063,1.24131414276,6326,1.25100508575,428,1.26006394112,5739,1.26660096469,3821,1.26900272476,1734,1.26982244189
fb106,694,1.16335253495,6035,1.18713401378,7619,1.21647577536,2369,1.21923256192,5102,1.22903996641,2510,1.23092711147,7747,1.23732511461,595,1.24196806853,7759,1.24433080584,4346,1.24666793428
fb107,5361,1.15206074465,1795,1.16191777874,643,1.19912732595,4038,1.21030367942,7747,1.21792838328,4949,1.21892428391,3197,1.22036283556,1073,1.22280564181,7891,1.22441770941,4951,1.22708438081
fb108,5708,1.15107745926,967,1.17184009043,321,1.19527783826,7997,1.21240916096,5740,1.21425484335,3471,1.2193737066,6984,1.2196832015,5696,1.22180109236,964,1.22316302819,5698,1.22379056743
fb109,6638,1.14653690077,3450,1.16307756818,5317,1.17776648894,495,1.20633917906,4579,1.23778746074,5999,1.25522222151,5272,1.25522222151,4523,1.25802131226,7712,1.27345480527,7719,1.27345480527
fb110,5307,1.11372698199,5023,1.11394750356,724,1.12181082097,4817,1.13745225211,3154,1.13790136786,1961,1.16756069809,905,1.18373839063,4636,1.1839284852,4565,1.18839835491,3040,1.19539881696
fb111,5702,1.17463587023,4736,1.17714077249,5708,1.18087019922,1705,1.1908886294,4035,1.20195485507,5215,1.21114661206,4253,1.21618534379,5703,1.21960727926,967,1.22632055467,1709,1.22725360295
fb112,4187,1.03210467838,4188,1.03210467838,822,1.04312446586,7778,1.07262502648,3094,1.12199852221,7747,1.15878795187,3080,1.17482935422,736,1.178363972,4442,1.18168091538,4977,1.18192690784
fb113,1220,1.27352450083,1227,1.27352450083,1222,1.27352450083,1221,1.27352450083,1228,1.27352450083,1216,1.27352450083,1219,1.27352450083,1218,1.27352450083,1229,1.27352450083,1225,1.27352450083
fb114,7094,1.25185280832,6306,1.26618734146,5277,1.26685241653,5278,1.26685241653,7812,1.27738136602,6804,1.28191756509,7314,1.29081342865,2705,1.29101566364,4329,1.29856697583,6251,1.29872428478
fb115,7859,1.19087693801,7899,1.21105911795,7919,1.21973034112,6739,1.22333513697,7982,1.2234472811,7847,1.22617318408,1788,1.23303722425,6910,1.23369271262,4632,1.23458214198,5214,1.23967802832
fb116,7982,1.1981307998,3430,1.20285816934,1013,1.20451126313,7322,1.21688085754,990,1.21923779291,7307,1.22153896241,5720,1.23751705958,7859,1.23764137334,1003,1.23770307769,8107,1.2377683947
fb117,5466,1.2413345969,7995,1.26310972392,6973,1.26536825586,6954,1.2715824644,6964,1.27229654375,4453,1.27671672694,5601,1.27705355914,7830,1.28359517257,7855,1.28438768043,8134,1.28742107011
fb118,1409,1.19654124312,8669,1.20886214306,5233,1.2223977024,5226,1.23931996789,1511,1.26136140574,1704,1.26270662045,1445,1.2684638125,2849,1.26993566559,975,1.2746067988,6989,1.27493109618
fb119,4618,1.19748906522,5648,1.19875764753,1885,1.20266590456,5657,1.2136157632,5495,1.22132418016,4513,1.24398340773,5570,1.24739120604,5663,1.25043937855,1800,1.25393049543,8051,1.25568146056
fb120,4551,1.12789082304,4499,1.16246098168,3064,1.1765087036,2883,1.18609883144,7855,1.20321505027,5512,1.22336374864,6804,1.22728405914,6954,1.23750801566,5236,1.23875610914,1599,1.23890761544
fb121,5671,1.17307531136,6714,1.17334184117,6620,1.18945834351,7898,1.1937382488,716,1.19657965602,788,1.2095835866,7840,1.21323278851,6705,1.21618808025,7849,1.21725157222,6942,1.22318013097
fb122,6942,1.16702369028,5671,1.16916970123,3185,1.17960571069,7981,1.20043349902,7840,1.212817334,7898,1.22160976292,672,1.22427929174,6714,1.22433534266,4631,1.22604827909,945,1.22616907564
fb123,4551,1.18916445753,5236,1.19031590096,1599,1.20759011636,7976,1.24218480358,6760,1.24897385496,4499,1.26112991677,5512,1.26244874241,938,1.26288025289,984,1.26364115023,4762,1.28720258128
fb124,3939,1.22165224978,1317,1.25305713336,1660,1.26142352495,6398,1.2773095116,3993,1.27857560662,1559,1.29187384433,2923,1.29419001604,300,1.29421645575,262,1.29421645575,289,1.29453521422
fb125,4551,1.13518442083,4499,1.15397706207,4762,1.20379583934,5671,1.20468324866,5512,1.22134747819,6942,1.22349350488,3064,1.22803488178,5236,1.23293761983,1599,1.24076016724,672,1.2433025644
fb126,915,1.15741536151,7638,1.16386627195,5181,1.16500826294,3007,1.16714419312,7902,1.16715470284,620,1.17774211205,7979,1.184431997,609,1.18835782543,892,1.20551510233,4794,1.21187631921
fb127,5226,1.12477588755,1660,1.16486066596,6932,1.17218079022,938,1.18504313967,6933,1.20187149986,5659,1.21383608293,4487,1.22126191781,8628,1.22239353918,7854,1.22429457641,7972,1.22462892702
fb128,1299,1.21648135786,1681,1.25141642648,572,1.27165153363,1645,1.27943643949,5671,1.28472807299,6264,1.28638685014,5724,1.29499624295,6313,1.2951735518,1659,1.30524155759,1608,1.30545651178
fb129,7142,1.30918680554,2375,1.3104174938,7207,1.31216941301,7166,1.31333241172,1862,1.31336949532,3677,1.31651487852,7789,1.31765837468,5097,1.31772815911,419,1.318960137,6737,1.31899330549
fb130,7245,1.23182315364,7283,1.2367007654,6980,1.26301019126,7020,1.27811001119,4623,1.28438299648,8005,1.29533105291,1167,1.29644067697,5303,1.29752214678,6240,1.30260971104,1174,1.30309332873
fb131,7764,1.20701445718,5272,1.23901362324,5999,1.23901362324,7974,1.2399580662,7975,1.2399580662,7747,1.24509402072,7759,1.25845539819,5339,1.26188969741,5580,1.26222008457,8027,1.26410220991
fb132,4362,1.20417098999,8041,1.23282453331,1757,1.25099152665,1323,1.26210538698,1581,1.26724481703,7918,1.27142057355,7973,1.27974508368,3154,1.28419898535,7951,1.28880493635,8092,1.29686168619
fb133,1757,1.11457761885,2489,1.22400403031,6150,1.24807780086,4362,1.24891501771,8523,1.25479881625,4317,1.26343307935,8560,1.27544436973,6149,1.27593943344,8041,1.2812704347,6148,1.28235725167
fb134,8071,1.25291899003,7896,1.27346242985,4775,1.27896039876,6927,1.28410351104,4774,1.28633096148,7851,1.28646231021,4773,1.30094940478,7966,1.30414690129,3080,1.30862832762,1674,1.30935712092
fb135,4896,1.22043164952,3143,1.2324389615,4552,1.24664403539,1713,1.25011403926,1581,1.25341725158,7973,1.25704240881,2960,1.26072307,6227,1.26123299197,4362,1.26310516,1772,1.27074169171
fb136,1467,1.11936064811,1674,1.14476878029,1469,1.1720923156,1754,1.20742446176,1753,1.20742446176,1654,1.22373383286,1671,1.2245012949,1673,1.2400717132,7380,1.24355034077,1627,1.25173700946
fb137,8040,1.22256962993,8041,1.2588491614,1568,1.28590873599,1442,1.29261682869,3138,1.29542467599,1381,1.29571446376,8042,1.29975232954,3709,1.30620691265,6570,1.30624213047,2081,1.3088685178
fb138,5668,1.23163610941,5641,1.23177924914,857,1.23540931456,4522,1.23567510351,4327,1.23750125674,4577,1.2377050594,6917,1.24410804825,4952,1.24905041847,7547,1.25390501291,5628,1.25819580751
fb139,5671,1.09823744854,1742,1.15521124869,716,1.1596117757,788,1.17481163502,6703,1.17900410065,6620,1.18914068087,7898,1.19325466144,6942,1.1940388047,7948,1.20491437986,7849,1.22005715248
fb140,321,0.954669086541,262,1.0966091683,300,1.0966091683,251,1.09753195587,289,1.09753195587,1775,1.11950047038,1776,1.11950047038,1734,1.12006267661,1749,1.24492911431,6590,1.25636869027
fb141,5999,1.10871110864,5272,1.10871110864,734,1.15316270628,7747,1.18545850557,7562,1.19872407785,2707,1.20156514264,8027,1.20805090847,7759,1.20986555091,5339,1.2206492054,8118,1.23146471504
fb142,1750,0.976947040245,5740,1.28029744813,7889,1.28218422624,2977,1.28604821238,6578,1.28637794987,6566,1.28637794987,7528,1.28826677709,7389,1.29015000335,5623,1.29620024649,5624,1.29620024649
fb143,1765,1.07052355277,6865,1.1855605221,1146,1.23700727613,1145,1.23700727613,2592,1.23981936493,3278,1.24205666432,1152,1.24600855267,8071,1.24744513968,1148,1.25513661381,1497,1.25807234461
fb144,8071,1.23930109243,7896,1.24119945549,2854,1.24464925181,5617,1.25132342283,7851,1.25407968008,3778,1.2541257874,6927,1.25798611471,6194,1.25998518711,5633,1.26932996753,5634,1.26932996753
fb145,7948,1.14693741617,1444,1.15610649533,4503,1.15802385581,4572,1.16312146206,5236,1.16745501358,2738,1.16795999099,6881,1.16912829662,1401,1.17177411675,4762,1.17375649429,672,1.18067799613
fb146,1749,1.08689637389,7948,1.20212670805,2738,1.24465871963,672,1.25060882749,6881,1.25232981719,6930,1.25849131609,4148,1.2606419295,5671,1.26128428289,6942,1.26243368787,4572,1.26640852556
fb147,854,0.857081008489,1299,0.928239944827,2945,1.03463853862,925,1.03572199111,6700,1.07008791357,863,1.09185254164,766,1.0928721753,6722,1.09397510257,604,1.10209286281,6541,1.10297711982
fb148,7914,1.14799534712,4487,1.15907140354,7349,1.16978987434,5211,1.17703508931,7894,1.19489421795,6905,1.19829698157,4028,1.19992461045,6793,1.20127391525,8067,1.20260478986,7902,1.20301142149
fb149,7562,1.22006048016,6590,1.24304801872,5698,1.2447794973,6628,1.2462100124,7925,1.24816663397,6750,1.24906133172,3146,1.25210527159,6692,1.25756476814,7997,1.26364648033,4250,1.26538413493
fb150,7562,1.22006048016,6590,1.24304801872,5698,1.2447794973,6628,1.2462100124,7925,1.24816663397,6750,1.24906133172,3146,1.25210527159,6692,1.25756476814,7997,1.26364648033,4250,1.26538413493
fb151,7967,1.04543344992,5639,1.05644845251,6910,1.13595296139,7918,1.13650812841,7951,1.16918531504,7932,1.19181530117,2646,1.19382026391,6739,1.20222211504,7964,1.2034814278,4667,1.20647191698
fb152,1788,1.15307451971,1763,1.25424406909,1761,1.26705701135,6194,1.27341162012,1750,1.27418101004,1757,1.27506277424,1749,1.27576915618,1784,1.27662905649,1736,1.27692154435,1737,1.27692154435
fb153,4632,1.17551184175,670,1.18109592069,7899,1.19265355637,6624,1.19346051896,4590,1.20334615508,6739,1.20367740606,5214,1.21046405675,7410,1.21083865448,6782,1.21402511368,6910,1.21485622888
fb154,6842,1.17162490181,6918,1.19658136089,7291,1.19658136089,8088,1.19772530571,7938,1.19772530571,7892,1.21320057221,873,1.21923924426,5500,1.21927033536,4767,1.23154415334,8090,1.23608594419
fb155,7593,1.14844254584,499,1.15346411971,4848,1.17153459417,5368,1.18044217319,3089,1.18186696331,8728,1.18913524864,549,1.2268993212,7497,1.25391545385,4676,1.25446842413,4578,1.2678387707
fb156,5999,1.24428627549,5272,1.24428627549,7975,1.27350339969,7974,1.27350339969,2855,1.27637899213,5226,1.27852468859,7986,1.2821787263,4794,1.29157048391,7747,1.29389511119,1236,1.29476452046
fb157,1253,1.23333105535,4535,1.24000628733,4474,1.250239546,5582,1.25131555755,7593,1.25513519544,6905,1.25911574126,7894,1.26152649483,5368,1.26210885622,7845,1.26221826039,5518,1.26483581876
fb158,5218,1.12411538461,6750,1.19533543126,7932,1.21061608893,6836,1.21569455104,7997,1.21722609499,7925,1.21734562619,6927,1.21850597308,5214,1.22140639827,8071,1.22347111722,6766,1.22872915769
fb159,801,1.20660411983,7420,1.2218321729,6856,1.23096573266,4299,1.23339673464,5794,1.23709722747,3112,1.24430452428,2895,1.24795997415,5564,1.24890076517,8087,1.25129591197,6674,1.25460910962
fb160,919,1.29414049877,3828,1.3015614553,4980,1.30834885449,1575,1.31136379202,3981,1.31429082715,2635,1.31461400531,462,1.31466734742,1538,1.31647703345,3174,1.31652305016,7918,1.31876660394
fb161,6793,1.14422345892,8085,1.17882574639,3190,1.19285174271,6964,1.20020303139,6818,1.20716890533,4487,1.21385605746,6831,1.21470648627,3595,1.21559304361,7349,1.21648770789,7902,1.21803218319
fb162,1623,1.23240122286,1139,1.28083774642,7118,1.28546166983,8170,1.28559738361,1723,1.29989012723,7216,1.30254850764,1305,1.30527225089,1678,1.30935088458,1304,1.32014698947,523,1.32101104516
fb163,848,1.23439776079,7928,1.24126476858,671,1.24718446796,8005,1.24949867723,4650,1.25023428348,2641,1.25403845525,845,1.25643961832,8019,1.25800232068,5761,1.25845053633,7016,1.26135937297
fb164,2795,1.12747792658,2796,1.13322856086,1357,1.13644595541,1358,1.14142268412,3905,1.20653338741,8037,1.20746550172,3326,1.21123205387,5121,1.2133563001,3345,1.21989693482,2685,1.22219140916
fb165,1385,1.10930737532,4780,1.17675808862,848,1.18776322641,4388,1.21080303417,6817,1.21308233805,2652,1.21442336987,7119,1.21492371692,3605,1.22115545064,5590,1.22590807201,3455,1.22838128284
fb166,8570,1.19612050275,7789,1.23317115145,1585,1.23451216836,1360,1.25560817886,7764,1.26360697454,1591,1.26725976043,7795,1.27989202223,1704,1.28490704331,1313,1.28663907488,1310,1.29083326179
fb167,3090,1.07474734023,3605,1.15063289389,7933,1.18685648158,7430,1.18828349128,3149,1.19151517037,7243,1.20050463734,1466,1.20128865234,5120,1.2041890791,1363,1.2042843627,5538,1.20495033481
fb168,5610,1.11866489562,6889,1.13777161357,6842,1.15717121353,7914,1.16062746594,7953,1.16395461013,788,1.16867099632,6905,1.171803504,8088,1.17419047073,7938,1.17419047073,6703,1.17890077881
fb169,7787,1.09043640921,4218,1.15011774988,4217,1.15011774988,7786,1.17946063863,5999,1.18788273038,5272,1.18788273038,694,1.18980942458,6767,1.21885860379,3427,1.22227129006,7747,1.22645220954
fb170,782,1.14691958242,909,1.15538185999,2999,1.18647426958,5556,1.19862603981,7894,1.20519507224,8071,1.21621586151,2894,1.22139856956,5468,1.2251376032,6715,1.22793151003,6716,1.22793151003
fb171,7923,1.22282743915,7896,1.22533535729,845,1.2356573049,5525,1.23573622727,7944,1.24088716412,8078,1.24565352336,4624,1.24634467347,5523,1.25054289909,6927,1.25080554762,7712,1.25130088906
fb172,6759,1.17516598287,6962,1.20547976105,3012,1.22283882563,7921,1.22362905781,6975,1.22448229589,827,1.23200174686,5517,1.23318719429,5124,1.23334032404,2765,1.23345388738,2922,1.23655906794
fb173,827,1.11235653277,7921,1.16476231978,4604,1.16674304541,5272,1.17263021874,5999,1.17263021874,5123,1.18628828844,6759,1.18724411998,6962,1.19342154138,877,1.19565701467,5124,1.19754153836
fb174,7892,1.14319139712,7916,1.14623811805,6748,1.17226200795,5500,1.18386173448,6918,1.20015976843,7291,1.20015976843,7917,1.20388340561,5272,1.21138031984,5999,1.21138031984,8018,1.21186840626
fb175,6973,1.15863974791,5639,1.15947496414,6910,1.16122861364,6739,1.18186881452,7834,1.18652947716,808,1.18836273067,7830,1.19461137603,4453,1.19468758764,3059,1.19790057374,3063,1.19848182745
fb176,5226,1.17197504526,6932,1.18490493696,6933,1.18777784958,7914,1.20439308719,5659,1.20478931936,3993,1.2098047401,4250,1.21067428278,7349,1.22650575737,7978,1.22692034943,7854,1.23004866269
fb177,6720,1.2185084817,7916,1.23313007859,997,1.24108712897,321,1.24292132499,5484,1.24335782263,7879,1.24622827875,4916,1.25043359077,6802,1.25198542181,1776,1.25250104307,1775,1.25250104307
fb178,4850,1.16565298481,6706,1.17360689581,6723,1.20379707,6721,1.21808443692,7897,1.2378360519,6922,1.24226288835,6630,1.24834223908,8073,1.25174322866,848,1.25350665321,671,1.25833647062
fb179,5272,1.1138553077,5999,1.1138553077,7776,1.15938925756,8066,1.16484428679,5338,1.17702995223,8027,1.19640159873,8051,1.20791678605,8021,1.21147249511,3779,1.21260440563,7797,1.21690980256
fb180,6703,1.09398201429,788,1.10899885032,7894,1.1242013435,716,1.13908783108,7912,1.16975123484,7898,1.17091651095,7924,1.17400049482,5468,1.17458790533,7840,1.18666415663,7895,1.19546707636
fb181,7892,1.24669265996,7291,1.25593293786,6918,1.25593293786,5500,1.26436384734,8072,1.26520329921,5441,1.27791790314,6913,1.2828913673,6007,1.28447813638,8018,1.28553909312,5740,1.28617260291
fb182,5136,1.17888564688,4785,1.22964542567,5538,1.23522643793,3178,1.23869698777,6969,1.25358304387,2925,1.25990516927,6881,1.27031109367,6542,1.27382875021,6032,1.2761781998,6846,1.27909488713
fb183,5120,1.13600580356,3605,1.1598404827,6041,1.18681045401,3305,1.20140866807,3304,1.20140866807,1466,1.2070085957,1363,1.20991648321,3011,1.21102384132,4839,1.21968982376,7430,1.21989849339
fb184,7593,1.21651886377,5999,1.22217938387,5272,1.22217938387,499,1.24105590427,5368,1.24569678958,7811,1.24597179881,3089,1.25091687577,4848,1.25241476674,7747,1.25894817656,8728,1.26382532352
fb185,5639,1.10080165608,6699,1.15006055337,2646,1.15350850472,5443,1.16221285369,5999,1.17059525649,5272,1.17059525649,6910,1.17119420068,7967,1.17646178361,2760,1.18367056362,5214,1.18497754766
fb186,5435,1.18770737252,8067,1.1954542475,4028,1.22230361532,5068,1.23217258964,5069,1.23217258964,6678,1.23804801808,7854,1.24107853014,3429,1.24496694117,5439,1.24590415753,7918,1.25165572799
fb187,8044,1.23903947918,6198,1.29064920632,406,1.29068454889,5458,1.29134853276,8033,1.29338205614,419,1.29562111365,3024,1.29570050836,7637,1.30133483186,5236,1.30865618659,4699,1.30995877179
fb188,5272,1.13646499831,5999,1.13646499831,7747,1.22575922857,5339,1.23742348782,7759,1.23863471671,8051,1.23879795499,8027,1.24038025201,7561,1.24156326655,8118,1.24723440476,5338,1.2480990802
fb189,8066,1.08908840881,8021,1.13679678576,7776,1.13874442841,3004,1.20399505651,5999,1.24131479343,5272,1.24131479343,7797,1.24991248759,3703,1.25680184993,769,1.26179996084,5338,1.26301349405
fb190,7748,1.28595894769,1641,1.30156500825,6055,1.30241383235,5498,1.30431858262,7561,1.30526336803,5582,1.31538404006,7085,1.31978043915,3709,1.32089697349,1585,1.32139851257,5439,1.32252797355
fb191,6105,1.23954741295,6732,1.25263321878,1394,1.25783983794,5185,1.25809827417,1395,1.26443060816,6055,1.26688776128,8059,1.26850020826,7748,1.27145853495,1344,1.27166577547,7883,1.28198498814
fb192,5999,1.23032807678,5272,1.23032807678,6190,1.27354364077,7816,1.28243242307,4066,1.282520812,6515,1.28361352929,715,1.28378938346,7819,1.28563765913,5345,1.28581818978,5339,1.28814017915
fb193,8118,1.14707405561,1735,1.15255114701,5999,1.15623108505,5272,1.15623108505,5339,1.18937410967,7759,1.19500631053,4652,1.19625038045,8711,1.19849034545,7747,1.20104635878,5580,1.20999953745
fb194,8025,0.810235331836,4626,0.897148492994,2768,0.904647669809,8046,0.97558042713,8065,0.985513834601,4835,1.03632561908,2829,1.06109314349,8031,1.11386300548,1958,1.13033039395,734,1.1368329009
fb195,5993,1.18940975024,6628,1.20523350755,7925,1.21323189293,3100,1.21375678542,6613,1.21580803755,7226,1.21745297093,6603,1.21851977987,7408,1.22343640709,8685,1.22503082244,8137,1.22654022485
fb196,5999,1.2673940768,5272,1.2673940768,7551,1.27197728207,7759,1.27930383161,5339,1.27997878125,7747,1.28811018519,6306,1.2935710608,4618,1.29873253748,4772,1.30763970489,7816,1.30999369108
fb197,1689,1.27535419799,6055,1.28963651097,1305,1.29038294548,5582,1.29544294156,7561,1.29692261326,8170,1.30727575795,1304,1.3073771207,7748,1.31235510583,7883,1.3143765954,622,1.31632213105
fb198,6590,1.28772786616,5698,1.28849669483,5214,1.28870082749,548,1.29117945359,5226,1.29285526608,7925,1.2949700711,5099,1.30586799577,5218,1.3064620603,6750,1.30842276828,7408,1.3088773734
fb199,6288,1.23320740581,8711,1.25925677752,8055,1.26580204305,6810,1.27560498158,6811,1.27560498158,6812,1.27560498158,8019,1.27879911603,7808,1.28502693109,8018,1.28640721671,7773,1.28735760643
fb200,4217,1.10189587756,4218,1.10189587756,7787,1.10987397133,694,1.13743568001,5999,1.16155405591,5272,1.16155405591,6767,1.19482509228,5763,1.20537435041,7786,1.20857609498,7024,1.21309566655
fb201,5999,1.06281250059,5272,1.06281250059,7883,1.2036071859,7561,1.20458419079,7747,1.21450893205,2791,1.2165650269,6055,1.21788246174,5339,1.2209504299,8027,1.22213490364,8118,1.22770066031
fb202,3993,1.22508741748,6264,1.25050339528,1645,1.25138103455,1520,1.27484903667,6515,1.27903212115,5111,1.27934851392,1341,1.27976930961,572,1.28030928567,5311,1.28268660796,3688,1.2931999462
fb203,5272,1.12869578934,5999,1.12869578934,5198,1.21018479558,8007,1.21229661724,5184,1.22149074268,853,1.22491773807,5185,1.22530107228,4515,1.23106202317,4625,1.23286153447,6988,1.23511157381
fb204,6849,1.03365864662,441,1.12198415383,5105,1.12276991431,399,1.12911432228,5219,1.1411901868,4988,1.14342504239,5175,1.15128115156,3366,1.15868849894,8130,1.16933173123,3752,1.17454144294
fb205,5999,1.02426258909,5272,1.02426258909,5226,1.08512936865,5233,1.12530575704,5214,1.17524067656,7747,1.19119763007,7561,1.19470003381,8027,1.1991691632,5339,1.20075446233,6055,1.20081749134
fb206,6124,1.27232360992,8534,1.27806326081,448,1.27954038073,473,1.28925218158,3286,1.28955620142,4986,1.29179527063,3276,1.29565361684,3275,1.29565361684,3293,1.29649153935,3630,1.29672980776
fb207,822,1.09305116358,7747,1.09318520924,4977,1.12281894215,5999,1.12704635681,5272,1.12704635681,7778,1.13515020497,4187,1.1406120283,4188,1.1406120283,2644,1.14352409725,5339,1.14563615318
fb208,5272,1.17450643108,5999,1.17450643108,8051,1.23138745485,8028,1.25050255075,7747,1.257093625,8118,1.25866170318,8027,1.26386791898,5339,1.26879334272,7759,1.27064854272,7273,1.27144937469
fb209,5194,1.02376888016,480,1.07518258951,3894,1.0921206145,5010,1.10680771405,3291,1.11861583521,3884,1.11940777149,3885,1.11940777149,3886,1.12261360741,3288,1.13166524216,6124,1.15826954308
fb210,7336,1.21421956305,1146,1.23097059395,1145,1.23097059395,555,1.23257069171,4250,1.24517571819,6194,1.24885114539,6793,1.24927147159,552,1.25246944375,6505,1.2532575681,3240,1.25656129675
fb211,5200,1.16371977597,4293,1.19864998631,7885,1.20152791694,8158,1.20585745319,4150,1.20939712955,7437,1.22001987673,7920,1.22642253497,7986,1.22717886106,5385,1.23946012424,5029,1.23971204793
fb212,7795,1.01617973249,7789,1.06896365324,3691,1.07050155749,7764,1.07394408685,7655,1.08320688918,7793,1.10906526044,8033,1.13522321727,8100,1.15592807888,7797,1.17982913302,7798,1.18530232414
fb213,7103,1.12279087216,7101,1.15874280866,3549,1.231599705,932,1.24510300353,6311,1.24531631736,3929,1.2479768085,463,1.25429420736,2769,1.25620265101,3609,1.26294545331,7336,1.26419666529
fb214,8534,1.14638719537,5015,1.20232846026,483,1.20860429099,2578,1.21628406948,6139,1.21717197975,4986,1.21886519182,7411,1.21924704149,1183,1.22385863234,1204,1.22385863234,1203,1.22385863234
fb215,8534,1.15690006839,4986,1.21178888778,5015,1.21633746769,6194,1.22802813308,3630,1.2308534977,4458,1.23236208306,6095,1.24405789779,3275,1.24450545629,3276,1.24450545629,7101,1.2480793671
fb216,4396,1.25179558,7973,1.25594080535,7409,1.25705182169,1180,1.26019703771,8105,1.26988764534,5709,1.27227645272,8134,1.27375560062,7405,1.28112573572,7322,1.28131568457,4997,1.28196831736
fb217,6311,1.18976745041,7206,1.22094019196,7409,1.23472497024,7764,1.24553922202,6306,1.25888685171,3929,1.26072403961,3544,1.26726266786,6049,1.27213602661,1180,1.27251914062,7101,1.27538806908
fb218,5189,1.14210325866,6109,1.16614985206,3271,1.1780129156,6114,1.19748717068,3270,1.19762058924,6133,1.20560847217,480,1.21638289514,486,1.21913786637,3375,1.22410840473,3622,1.22692137485
fb219,7778,1.1344956805,4187,1.14469698907,4188,1.14469698907,390,1.15321189806,822,1.15968036617,736,1.17333859799,5215,1.17430246583,760,1.17666723711,3080,1.17711931811,5999,1.1850646861
fb220,7421,1.05357636618,3738,1.10333084084,6604,1.1161993151,8535,1.12548606396,8533,1.1332764819,3245,1.145069082,3244,1.145069082,7925,1.15280159613,7423,1.16009412641,4250,1.16142106692
fb221,3276,1.15685616987,3275,1.15685616987,4986,1.16770527058,3274,1.19971433444,483,1.20856789202,6108,1.20917968262,3788,1.21384164079,8534,1.21448043673,448,1.21574134139,5183,1.22222557542
fb222,5187,0.961407113213,5192,1.07960373171,5183,1.09609043906,6309,1.12665538869,3272,1.1381760397,5003,1.14214072596,3273,1.14898402581,3283,1.17304335862,4993,1.17409377302,6074,1.17630415117
fb223,5218,1.09359156243,5999,1.13009951172,5272,1.13009951172,7688,1.15524150633,7689,1.15524150633,7690,1.15524150633,7691,1.15524150633,7692,1.15524150633,7693,1.15524150633,7694,1.15524150633
fb224,7749,1.11964602607,8043,1.1691186377,8551,1.1714438592,7765,1.17823601909,5813,1.18154530832,8550,1.18630111795,560,1.20409821402,4406,1.20816889498,4405,1.20816889498,8549,1.21356165109
fb225,4792,1.00525784172,4876,1.10600506697,4194,1.12135006391,874,1.12160812417,5080,1.13216903873,5577,1.13376166643,4138,1.14361704515,4040,1.14718609965,2623,1.18095056171,5665,1.19135902206
fb226,5999,1.10462792902,5272,1.10462792902,7561,1.19696555385,7883,1.21923899875,7778,1.22602416252,3703,1.22879147642,769,1.22881977786,7767,1.23000026598,6055,1.23977617098,7747,1.24217534493
fb227,5199,1.03845342938,5028,1.10138508796,5029,1.10138508796,3302,1.10364227089,591,1.10941958307,8014,1.11195959947,551,1.11222173536,3303,1.12629468706,2441,1.12757906261,4543,1.12899100227
fb228,4160,1.14875413434,2193,1.16895424476,4979,1.17079907287,3601,1.17180899174,2353,1.17802578374,7808,1.2026979864,6583,1.20354573889,2403,1.21048052552,7129,1.21555308782,8018,1.21648839855
fb229,5999,1.15033466239,5272,1.15033466239,5339,1.20178123385,7747,1.2028205936,7816,1.21200641624,7759,1.2220708589,4292,1.22341416544,7891,1.24070675636,7878,1.2457685481,7778,1.24604775941
fb230,7795,1.04785299779,7764,1.09041054172,7789,1.11748268118,7793,1.13009772566,7655,1.13463508474,3691,1.16864219101,7797,1.1747816173,7798,1.18674867923,8033,1.21577126039,8100,1.24325527636
fb231,7748,1.28595894769,1641,1.30156500825,6055,1.30241383235,5498,1.30431858262,7561,1.30526336803,5582,1.31538404006,7085,1.31978043915,3709,1.32089697349,1585,1.32139851257,5439,1.32252797355
fb232,5999,1.02082514678,5272,1.02082514678,5227,1.10927419635,7561,1.13545507586,7747,1.16292717093,5339,1.16749919104,7759,1.17488526555,8552,1.17693663527,8051,1.17815527826,7562,1.17953823334
fb233,2491,1.25704219637,8693,1.25917083316,7403,1.26085373472,6189,1.26769129989,6208,1.27968504327,1859,1.28080410867,2561,1.29298521287,7266,1.29348623376,2425,1.29558893805,638,1.29611643902
fb234,6793,1.23491625379,6818,1.26260553334,7349,1.27150685762,8085,1.27150949701,2591,1.27384846077,5181,1.27861749197,7902,1.28454871316,8048,1.28572533369,7758,1.28592793193,7462,1.2875310137
fb235,390,1.10126565865,5215,1.14038413326,5272,1.15285650991,5999,1.15285650991,5233,1.20409535606,364,1.20691092619,7561,1.21691979996,5744,1.2225317569,5211,1.22269289804,6660,1.22821891754
fb236,3079,1.15857832116,1018,1.16767836179,6818,1.18788605887,2435,1.18922786143,2834,1.19210774806,6815,1.19342744022,4846,1.19547710579,6793,1.20793382696,3593,1.20893635226,8543,1.21671104971
fb237,7898,1.12479018013,6620,1.14045132323,716,1.1506042537,7235,1.15729290854,6160,1.16003801467,6159,1.16003801467,6705,1.16200317069,5671,1.1635281707,6714,1.16703742312,7849,1.17343161491
fb238,5937,1.0,5952,1.0,5931,1.0,5865,1.0,5866,1.0,5898,1.0,5897,1.0,5930,1.0,5895,1.0,778,1.0
fb239,5176,1.01265490555,472,1.11252881347,537,1.12352434483,6062,1.15456947258,4698,1.16455102917,431,1.16772420091,7780,1.17220728978,5173,1.1749973591,3223,1.18361281004,8689,1.18566028129
fb240,5176,0.979856060967,5158,1.03748800051,646,1.05933926953,3357,1.06822872244,2876,1.07562633559,537,1.10592153458,7186,1.11286142528,2877,1.11444860662,6089,1.1202505781,472,1.12621177613
fb241,1277,1.27191527198,7216,1.27686555604,5188,1.27871537142,1582,1.28365091927,1643,1.28853338684,1684,1.28922879063,3069,1.2898865901,1512,1.2903430612,1385,1.29426929553,3718,1.29696012815
fb242,5176,0.864444527321,537,0.949778536986,453,0.950161224792,6062,1.02159635831,431,1.03057376653,7780,1.03114502126,472,1.03640471992,5173,1.06465988351,429,1.08405507603,4984,1.11217675293
fb243,6714,1.19750357737,7898,1.19785055502,3337,1.20020754488,3015,1.21196615047,7040,1.23305037967,5646,1.23540728641,7973,1.23805179579,5534,1.23900929728,7840,1.24302235361,5531,1.24349788863
fb244,6793,1.18633142543,3595,1.19669797298,7349,1.20585735677,535,1.20716921535,8085,1.20902095272,5226,1.2186347241,6831,1.22589103568,5339,1.2261701749,4487,1.22651060741,7902,1.22864451602
fb245,3337,1.16852762772,511,1.18476449446,7898,1.18482168833,6609,1.20592816756,3019,1.20670048988,6714,1.21420425684,6154,1.22270570352,5486,1.22400217603,5531,1.2320264004,4501,1.23669372845
fb246,525,1.07046388939,7749,1.11387719694,8551,1.17081642972,7765,1.1775113221,8535,1.20264135929,5172,1.21291300726,8043,1.21974177053,5727,1.22148736877,8550,1.22195760975,8136,1.22961394965
fb247,7795,1.05790073311,7764,1.13488986836,7793,1.14970348544,7655,1.1717289183,7797,1.19205730381,3691,1.19915523777,7798,1.20323992565,7789,1.21357384584,8100,1.25764876578,8570,1.26313005296
fb248,483,1.2289302268,4297,1.2422655172,4298,1.2422655172,2491,1.24433870136,6208,1.24986529399,3719,1.25807286162,5148,1.26215163572,6139,1.26627819008,511,1.26815051802,8534,1.26831822503
fb249,4870,1.11708256386,795,1.11928178358,538,1.13836228308,3195,1.17692177299,767,1.18351026049,2879,1.18593907414,4427,1.19895553971,7385,1.22596104343,3831,1.22998908563,1843,1.23331056148
fb250,7749,1.21215090621,1186,1.24658577242,1221,1.24658577242,1223,1.24658577242,1185,1.24658577242,1184,1.24658577242,1224,1.24658577242,1179,1.24658577242,1177,1.24658577242,1219,1.24658577242
fb251,8118,1.06858045494,5272,1.19646591159,5999,1.19646591159,8028,1.20051378995,8564,1.20344966571,8580,1.21075379109,8554,1.21640774513,8545,1.21663524951,7759,1.22915149551,7747,1.23309640914
fb252,522,1.27120134647,5165,1.27170827123,6800,1.27209001833,511,1.2739827763,3630,1.27843898343,3789,1.28166316667,7634,1.28312802304,6809,1.28320073134,5015,1.28417459997,6803,1.28527857537
fb253,7973,1.25783536236,7384,1.25821654083,4317,1.26606142297,6150,1.2690015797,6194,1.27242473759,5015,1.27336368651,4345,1.27468981728,7830,1.27517275455,8559,1.27675274517,8523,1.27738982622
fb254,6705,1.15998487753,969,1.18982165736,1868,1.21882395762,3395,1.22487281762,4503,1.24087371459,7409,1.24929910693,7406,1.25304626747,6620,1.25537351459,7194,1.25649155639,788,1.26199780293
fb255,8547,1.05333161652,8523,1.1104555718,8546,1.1266516046,2485,1.21441604305,1003,1.22474842388,4317,1.2372525427,7325,1.24563822585,521,1.25123976364,7409,1.25371489259,8559,1.25385475494
fb256,7401,1.24807329826,2491,1.29550071194,4558,1.30086037591,1293,1.30424334059,2578,1.30608534541,8028,1.31468860303,525,1.31723919034,7749,1.3222695424,7411,1.32357980457,5331,1.32557062888
fb257,1293,1.22906811515,391,1.30939195349,6316,1.31157559756,233,1.31369806062,2817,1.32268426074,1735,1.32899697382,3926,1.33315831491,7401,1.33391699556,7749,1.33454493588,1575,1.3356408067
fb258,5999,1.1253380597,5272,1.1253380597,8118,1.19692313706,7747,1.20075964474,8051,1.21135981266,8028,1.22065357134,5339,1.22258503653,7759,1.22350668472,7816,1.22437307407,5338,1.22717143334
fb259,511,1.22671435949,3630,1.23921520439,514,1.26487013993,5165,1.27042932262,6630,1.27267484592,969,1.27268573314,7383,1.27435074087,7235,1.27779000783,939,1.27825242497,5671,1.28051548815
fb260,3772,1.25591078533,3773,1.25591078533,3691,1.27127560087,5215,1.27666606265,7789,1.29237794737,1378,1.29252521403,4736,1.29548279149,4682,1.29653453696,2989,1.29817932143,6103,1.30563688287
fb261,6682,1.03781944679,6761,1.16361115663,5979,1.16506449774,3945,1.18841998544,511,1.19782835648,514,1.23231817796,7897,1.23879283246,8057,1.23949542412,522,1.24122760812,7088,1.25502814281
fb262,511,0.979062722566,514,1.09431698316,794,1.12142578648,640,1.15302915747,6620,1.18118517322,5470,1.18373002477,790,1.18755466541,6714,1.18992109948,7059,1.19944936705,4810,1.20318091137
fb263,3975,1.0902075099,5168,1.15555852077,7885,1.19871102717,4742,1.19912401152,513,1.21098055918,6694,1.22965433949,8746,1.23238376647,902,1.23402490266,7367,1.23561183322,7985,1.24147099301
fb264,3796,1.21178929012,3797,1.21178929012,4998,1.21209837277,5001,1.2127099519,3976,1.21755726513,645,1.22807904414,521,1.22918373507,5404,1.22959992312,5184,1.2411348381,5185,1.24780457699
fb265,8538,1.01766363225,5168,1.17918051098,710,1.18732220506,8534,1.18748064504,480,1.21513063649,501,1.22011710884,767,1.22240558762,513,1.2240472041,547,1.23362625283,3885,1.23384398882
fb266,3822,1.08549304443,667,1.15461273712,5997,1.15761282287,3023,1.20592691699,553,1.26920035768,5718,1.27290838328,649,1.2736256295,4972,1.27709653567,7591,1.27936173673,3363,1.28267235242
fb267,8118,1.14826010439,7546,1.16228235955,8536,1.17793613908,8545,1.18976938681,8580,1.21941165308,8558,1.23295984502,8544,1.24342832321,8564,1.24954135495,8557,1.24956181543,8028,1.25298968592
fb268,5757,1.12845269981,4397,1.18065101508,7950,1.18824810364,7324,1.19814871098,5758,1.2004057029,7323,1.2025172362,697,1.20301522767,3954,1.21163567734,3953,1.21163567734,5437,1.23214855454
fb269,4149,1.24793766924,1691,1.24844587529,3957,1.25391979369,1454,1.26598062782,1619,1.29075827094,4551,1.30222879202,7528,1.30538840744,3004,1.30641157908,5112,1.31414132117,4643,1.31634605821
fb270,5215,1.18545028523,7991,1.26296487374,931,1.2678819023,7014,1.28047925235,7776,1.28446797951,8105,1.28674007784,5338,1.28744129895,2989,1.2876205239,983,1.2892257042,7786,1.2896779135
fb271,1585,1.20307244732,8042,1.22321382799,5277,1.23167843636,5278,1.23167843636,1620,1.2339352564,1761,1.23883409808,5233,1.24308775346,1362,1.25557794881,3237,1.25604903751,8092,1.2568539713
fb272,1582,1.07056694524,1341,1.10054589544,1606,1.1156130195,1347,1.12632911495,1596,1.16123927385,1600,1.16592929733,1604,1.19043329729,1420,1.20104624963,1425,1.20309002335,1599,1.20539158675
fb273,1606,1.06653517035,1582,1.14690780713,1604,1.15520447671,1420,1.1676798753,1425,1.17007965398,1426,1.18426988509,1429,1.18483767022,1586,1.18640023466,1428,1.19589993905,1600,1.1971672331
fb274,4384,1.13574915678,1606,1.14680452484,1429,1.16223482304,3430,1.16355095374,5735,1.17128517669,4733,1.18432169588,7307,1.20168627511,5732,1.20548334068,5740,1.20922443825,5738,1.20965401965
fb275,1606,1.16061402682,1604,1.18864129505,1600,1.19196553722,1425,1.20047741583,5740,1.2031984934,1426,1.21274029243,1429,1.21410259329,1586,1.21544806011,1428,1.22280778736,1576,1.2292995514
fb276,5177,1.04681420998,988,1.05453301141,991,1.11329584573,5734,1.11423039903,3192,1.11492713995,691,1.12255776961,2689,1.12837173069,5989,1.13315686662,4671,1.13643152009,717,1.13779198493
fb277,1405,0.872923576737,1606,1.12495120079,1425,1.16345975877,1429,1.16558212813,1602,1.17073606858,1426,1.17807698428,1428,1.19005237706,1603,1.22764130142,1604,1.23500185299,1575,1.24175457734
fb278,1360,1.20619348105,1429,1.21960109364,7307,1.21971482265,3430,1.22089150964,1579,1.22141290677,2060,1.23023877308,1420,1.2339983751,5735,1.23420543928,8103,1.23802216196,1606,1.24007852049
fb279,2922,1.18765385717,6284,1.18934922255,911,1.19175797703,4620,1.19257609191,5616,1.19381087617,3609,1.19770075127,463,1.20114673157,4725,1.20507891247,3605,1.2082845684,7430,1.21241759761
fb280,4837,1.14711313804,1606,1.16501514711,1604,1.21145667523,483,1.21564196556,7000,1.22348748627,772,1.22892143988,1407,1.23142204967,1429,1.23413879008,8137,1.24142838645,4702,1.24318553784
fb281,1606,1.14389579323,1592,1.14956109748,1604,1.1739785884,1429,1.20125447575,1586,1.20269450329,1600,1.2126218015,1417,1.21692457253,1576,1.21751201334,1420,1.22052196581,1425,1.22236316681
fb282,1760,1.19372770464,4450,1.27082280335,5233,1.27752554891,3821,1.27842371648,5130,1.28259340905,5695,1.28622576827,1404,1.28776139049,1755,1.28842519263,4593,1.2912077904,6326,1.29250890994
fb283,931,1.22198529936,5236,1.23109749101,364,1.23922183157,2829,1.24599345148,5233,1.25701417001,1207,1.26064001196,1222,1.26064001196,1176,1.26064001196,1177,1.26064001196,1179,1.26064001196
fb284,4987,1.19906799289,6022,1.21379070768,6281,1.21988963094,1447,1.22359577767,4975,1.22931829917,5212,1.23371238946,8007,1.2376777714,853,1.24768891986,5114,1.25073197697,5722,1.25516289086
fb285,5215,1.15866864055,3080,1.16778665921,5702,1.18531482979,5747,1.21280388472,4035,1.22216223206,5708,1.22302200412,7928,1.22337401394,2784,1.22802025459,7016,1.23050484961,1705,1.23536275205
fb286,787,1.06906948179,4353,1.13619219263,1070,1.16454963582,397,1.1672297767,5233,1.18583627498,3569,1.19183631626,3570,1.19183631626,1739,1.19191305254,1879,1.23689245782,2059,1.23836374605
fb287,1709,1.1578091378,1436,1.16297877111,5702,1.27099028508,5215,1.27164868597,1705,1.27484666853,5703,1.27522057429,1433,1.27705081058,1893,1.29159095159,3444,1.29187110677,5730,1.2933453147
fb288,1709,1.13936685625,1436,1.14495641328,1341,1.22628205505,1347,1.24092224524,1705,1.24285912299,1433,1.24853746359,8104,1.27244038285,5215,1.27906495235,1582,1.27963688015,1444,1.28164557383
fb289,1409,1.06284997487,5233,1.12128592922,4593,1.14646489566,4491,1.15251001568,3028,1.160864623,2990,1.16509257859,5695,1.17677540078,6326,1.17898642501,2910,1.18578781112,6989,1.1896775697
fb290,1606,1.13152255673,7006,1.14439190065,232,1.1564633296,13,1.1564633296,8566,1.1564633296,7016,1.15718932965,5290,1.17559962652,4599,1.18151443945,5747,1.20189391743,7873,1.20624299489
fb291,724,1.13843219561,5023,1.15121749679,5307,1.15350445908,1961,1.15708962275,4817,1.16389258966,3154,1.17499980873,2108,1.18643400005,1433,1.19069416177,4565,1.19587210826,4636,1.19676643004
fb292,5744,1.24840724957,7479,1.26431117752,5236,1.28614688415,1393,1.29154546365,1592,1.29619325013,4218,1.30540394688,4217,1.30540394688,7018,1.30940088091,8097,1.3184507206,7787,1.31845075222
fb293,1779,1.04968923533,8147,1.12031326911,3912,1.16315443696,3520,1.16727241116,7808,1.26595479119,7992,1.27387911822,8018,1.27421774744,6591,1.28558394471,7772,1.29144474945,7750,1.29402940937
fb294,3613,1.12592179312,1452,1.19271047433,955,1.20024668418,956,1.20404761146,957,1.20655221691,8096,1.2238808397,5688,1.22605661678,7986,1.23427217205,5691,1.23994229377,1433,1.24094901177
fb295,1744,1.26268531457,7879,1.26805391911,5740,1.27401356113,7992,1.2807968742,1884,1.30673915732,2152,1.30759317671,7301,1.30899932473,2704,1.31000873505,5708,1.31010422024,3141,1.31114528773
fb296,8153,1.05370043917,1691,1.09672377725,1417,1.1644331536,6666,1.1833789462,1738,1.20663179986,5690,1.2177095584,1689,1.22257891953,580,1.22758462055,7345,1.23085166297,5373,1.24539503092
fb297,1293,1.27305044889,5236,1.28524061843,1562,1.29206362457,1425,1.30529922415,2858,1.30687349711,7906,1.31126459251,1426,1.31129341498,984,1.31196682726,4345,1.31288106518,1428,1.31623934316
fb298,5999,1.1376443913,5272,1.1376443913,5339,1.23024376368,7747,1.23873419143,7759,1.24104206691,5338,1.24499999949,1208,1.25091442273,1207,1.25091442273,1206,1.25091442273,1193,1.25091442273
fb299,1782,0.91098745796,1688,1.1409749924,1512,1.26792210979,1718,1.27344228598,1717,1.28688821126,1693,1.28897950751,8150,1.29683469514,1681,1.29855626361,8137,1.30373841638,8009,1.30956602623
fb300,1562,1.27772486744,1582,1.30436101045,1425,1.31212763798,8065,1.31568011422,1426,1.31773171465,5290,1.31964046775,8033,1.32036666238,1428,1.32235709359,8027,1.32383483977,1628,1.32536042595
fb301,1772,1.16687424067,1684,1.1974769813,1722,1.2294951074,7479,1.23456567516,5744,1.24443221848,1725,1.2523240316,1682,1.25456749507,1704,1.26529831618,1597,1.27542978137,3562,1.27599882982
fb302,7855,1.2613489173,5466,1.26158075936,666,1.27170934557,2883,1.27371943753,3832,1.27506308142,6326,1.28072891206,5739,1.28181142318,3644,1.28772399686,7004,1.28828830574,6964,1.28979174002
fb303,1645,1.16295183397,7479,1.16559384382,5744,1.16718320045,1634,1.21798368258,1622,1.22710865075,1659,1.23361062692,1669,1.23365334009,1623,1.23910994452,1658,1.24018763858,1597,1.2432806752
fb304,1622,1.15990406133,6570,1.18967995006,6590,1.19741741457,5278,1.19852109134,5277,1.19852109134,7997,1.2067716593,6634,1.21194733382,6628,1.2175902496,5752,1.21951904666,7925,1.22042109911
fb305,1643,1.06298606765,5226,1.09626009644,7951,1.15938941448,1639,1.16969965565,1660,1.16985581054,1634,1.18524983191,1511,1.19375896728,1622,1.19842243778,5233,1.20169938873,938,1.20711284029
fb306,4377,1.16915828319,2499,1.20545238123,2904,1.25270375184,5233,1.26263906532,5226,1.26361099555,3138,1.26621502237,6989,1.26723075915,4380,1.27227388714,6484,1.27298234864,7713,1.27329145978
fb307,4530,1.31060708168,7049,1.31132301737,7060,1.31255783993,750,1.31998386019,432,1.32144185458,5001,1.3248034639,7061,1.32586254854,6970,1.3273896526,6120,1.32940729322,6938,1.3295405651
fb308,7561,1.24671254156,5813,1.26060604885,678,1.27486252173,364,1.2824790044,6991,1.29815306979,6055,1.3032057452,5999,1.30539436805,5272,1.30539436805,2933,1.30633321227,5744,1.30835141279
fb309,6879,1.23855865538,3778,1.24434549536,4546,1.25089205541,2854,1.2528646242,7757,1.25353331002,7952,1.26452276843,7932,1.2653330037,7954,1.26971512603,4664,1.27066985834,4890,1.27187486875
fb310,837,1.09996414213,4610,1.15600950868,2747,1.18062080371,800,1.18368195476,804,1.184225301,6018,1.18773896878,3115,1.21657552983,4599,1.2218003835,4702,1.24492503284,6653,1.24626392866
fb311,6555,1.19714618146,474,1.21684701821,7643,1.2408566994,7748,1.25454487308,6326,1.26215272506,4593,1.26442777739,7928,1.27268008253,5233,1.27394637459,7999,1.27527917605,4238,1.27762260096
fb312,1293,1.11001669893,1253,1.11513544051,1259,1.13722759255,1292,1.14890145905,6169,1.19442113763,1291,1.21719156127,1285,1.21755938505,1280,1.22215773332,7593,1.22454082403,1255,1.23256817565
fb313,499,1.19044973472,7593,1.19088532691,4848,1.20976409302,5368,1.21118980627,3089,1.2161658427,8728,1.22052705302,549,1.25330416022,5272,1.26628572478,5999,1.26628572478,4676,1.27478362495
fb314,5379,1.11223493444,7624,1.14029187667,3309,1.14480491523,706,1.1730261699,7498,1.17516181861,5337,1.19415086343,7777,1.19918165276,8022,1.20582621357,7503,1.20834609045,6072,1.21922486481
fb315,7789,1.1512393901,1585,1.18779241771,7764,1.19404503454,7795,1.19470560049,1360,1.21485489076,7793,1.21765827735,1591,1.22973854566,3691,1.24627048894,1704,1.25219973561,1313,1.25439912496
fb316,7630,1.1429668271,7928,1.18515395039,4492,1.20138516736,7762,1.21381656206,1351,1.21493810724,5215,1.2257119261,2858,1.23062196391,5740,1.23482882849,5747,1.24171819191,5426,1.24258134869
fb317,1305,1.10706831676,1394,1.12075398977,1306,1.12614746578,1320,1.12907748311,1323,1.1458127754,1339,1.1472233207,1307,1.1499656584,1303,1.15135704851,1304,1.15224938584,1391,1.15233888762
fb318,4792,1.05493985936,4876,1.10497188415,4194,1.11675149827,5577,1.13205796696,4138,1.14171629491,874,1.15589339474,6739,1.16012188729,7899,1.17360244918,5080,1.17813565346,4040,1.18108860952
fb319,4986,1.24073654057,5633,1.24392056517,5634,1.24392056517,7999,1.26466174276,4593,1.26518174101,3749,1.2727477278,674,1.27324483149,3156,1.2736049572,5466,1.27628411438,5739,1.27670500021
fb320,6803,1.22050479044,6809,1.22874577553,3055,1.23050664293,7055,1.25383649731,7061,1.25587541899,6490,1.27335076724,7077,1.27335076724,1344,1.27899756434,7627,1.27989850355,4745,1.28308646536
fb321,6809,1.19961247877,6803,1.22628741277,3055,1.23078302631,7061,1.23296768676,7627,1.24981837693,7055,1.25098203842,8086,1.26720146367,7929,1.2710617464,7037,1.27434676648,6973,1.27490491537
fb322,5215,1.0832653649,7928,1.17237148529,5740,1.18584549529,4736,1.19331690409,7561,1.20105134695,985,1.20493369975,7011,1.21698385708,705,1.21824931117,825,1.22079086801,2691,1.22356097388
fb323,7921,1.0600397464,6759,1.08961612426,827,1.09575978274,5517,1.0974896293,6773,1.11131083083,4604,1.11220546612,7920,1.11265268297,5123,1.12013901246,5124,1.12380299876,6975,1.12484416883
fb324,6849,1.22071884482,5185,1.22440285666,5219,1.23004340787,5190,1.24329714868,441,1.24845549649,6122,1.24991655123,5175,1.25973035558,5105,1.26132151479,5431,1.26230017713,4679,1.26847117864
fb325,5226,1.29900396807,6932,1.30758599515,5659,1.30934499856,6933,1.30971987972,7972,1.30978640257,5706,1.31121267468,5221,1.31244304625,1276,1.31318580112,4467,1.31566465794,3993,1.31650094189
fb326,591,1.12989262672,2441,1.13532226,7443,1.18149690149,551,1.18283402503,4828,1.19066456022,5639,1.19247866848,3335,1.19521120061,5199,1.19786060366,7925,1.20497456569,2427,1.20926715988
fb327,8041,1.05574271378,6570,1.06002936074,8040,1.07351702417,7918,1.16364471223,924,1.19048584322,8042,1.19472365728,8092,1.21529387445,7094,1.21948025843,7951,1.22616741354,4877,1.23379680339
fb328,5744,1.23888593482,7479,1.25552582209,1592,1.27859282866,7778,1.29396749254,4218,1.29942089638,4217,1.29942089638,7561,1.30031521817,4187,1.30305055078,4188,1.30305055078,8005,1.30535543854
fb329,837,1.10053092948,804,1.11034968788,4610,1.11991394672,800,1.12243274242,6018,1.16198788048,6775,1.16496867747,4602,1.18212567638,4603,1.18228424284,5484,1.18400289766,2747,1.18865310655
fb330,6189,1.23743173273,5458,1.24644249653,6848,1.24652179858,4755,1.25103888403,7995,1.25203311669,6967,1.25273035807,7830,1.2564174927,7900,1.25702417555,1370,1.25819233021,5236,1.26294076921
fb331,788,1.14728467653,6703,1.17417211629,2893,1.19860812303,7894,1.19861707588,5468,1.20023894007,716,1.22757578042,7912,1.22763536734,7898,1.23132988084,793,1.23293904332,5465,1.23757745823
fb332,4804,1.21588932443,5202,1.2249137814,5462,1.23756237504,3880,1.24404871395,8035,1.24630665022,5720,1.25059866828,1003,1.25077507084,8018,1.25234907952,7892,1.2524096767,8107,1.25557775157
fb333,8071,1.22778758342,1552,1.24353623963,7896,1.27117149938,1627,1.27844670388,7757,1.28465293745,1674,1.28807606958,3829,1.28835335414,7561,1.28951241831,5236,1.29553839148,1280,1.29568386563
fb334,7593,1.2252495751,5999,1.23064006827,5272,1.23064006827,499,1.24265455215,8027,1.24298693494,3089,1.25093739752,5368,1.25304988679,7811,1.25331207714,4848,1.25945558214,7747,1.2656869935
fb335,8569,1.02824750722,7776,1.08233278621,8021,1.14501933149,3703,1.18179550133,769,1.19358784991,5423,1.19459465425,8066,1.19480703594,7550,1.20794769356,4911,1.26569352686,3539,1.2699463977
fb336,5447,1.15699190022,3992,1.1829272192,8172,1.23190140846,4902,1.23294486892,8168,1.23530237926,7908,1.24389522013,1684,1.24409183506,6676,1.24891655836,1725,1.25107830045,1539,1.25309636244
fb337,14,1.20996609706,366,1.20996609706,1582,1.26354587726,8677,1.26446809927,4364,1.29406927598,1633,1.29784451007,5408,1.30150175575,8066,1.30591669004,3136,1.31443167362,3551,1.3149801824
fb338,6590,1.19512230286,6750,1.20657717688,7408,1.2191552934,7925,1.22320581847,6876,1.23644672795,6628,1.2370980295,7997,1.23916650979,6692,1.2402173716,5214,1.24995782425,967,1.24996807295
fb339,5226,1.15102799487,7561,1.157508877,7767,1.17321763019,8065,1.17356651754,7747,1.1809353236,5339,1.18135310533,5999,1.18634928684,5272,1.18634928684,7759,1.18995838882,5227,1.19202953334
fb340,7917,1.17092375622,7911,1.19394530545,7932,1.22891662424,7924,1.2303211416,5580,1.2362850136,7894,1.23715725719,7561,1.23937741157,7895,1.2399869185,7048,1.24208874277,7892,1.24287080194
fb341,8225,1.08094724716,8301,1.08094724716,8302,1.08094724716,8303,1.08094724716,8304,1.08094724716,8305,1.08094724716,8306,1.08094724716,8307,1.08094724716,8115,1.08094724716,8116,1.08094724716
fb342,8248,0.79990855545,8240,0.79990855545,8241,0.79990855545,8457,0.79990855545,8456,0.79990855545,8455,0.79990855545,8188,0.79990855545,8242,0.79990855545,8454,0.79990855545,8243,0.79990855545
fb343,8033,1.11249475861,7795,1.13383150497,7789,1.13981607378,5236,1.16800776915,3691,1.17389034448,7655,1.17954013328,7764,1.18311906469,7777,1.18582350063,1581,1.19489457076,7793,1.19797116163
fb344,6114,1.15266221091,6064,1.23949959519,6596,1.24297037143,2859,1.24511562736,4429,1.24849950954,486,1.25106082502,5346,1.25798714598,8718,1.25922674706,5652,1.27254039276,6077,1.27435808457
fb345,5227,1.06054891398,5744,1.06603630608,5999,1.07785224174,5272,1.07785224174,7479,1.08882633171,5226,1.14716209501,5233,1.15076197445,1223,1.17267931351,1175,1.17267931351,1176,1.17267931351
fb346,8104,1.26588473081,5234,1.27732607003,5164,1.28098078155,4061,1.30623785056,5196,1.30805964445,5185,1.30963604631,1444,1.31782673411,6204,1.31974577975,1442,1.32002643833,1401,1.32330812639
fb347,7748,1.2521682885,1530,1.25706768369,7518,1.2647301023,1525,1.2647519837,1575,1.27246553001,8059,1.28339328978,8066,1.28673492093,1608,1.2888146888,1552,1.29886170674,1425,1.30196191141
fb348,6063,1.21976806913,8697,1.2590682276,7792,1.26469016904,4249,1.27328924032,5099,1.27427705471,7790,1.27470608679,6155,1.29822381985,3574,1.29935810041,448,1.30265411314,2509,1.30400119841
fb349,537,1.03067419037,5176,1.06968005865,431,1.09496322201,6062,1.10069488281,7780,1.10486778966,5173,1.12247110176,6063,1.13616370947,429,1.13821565725,472,1.15704422136,4984,1.16115642948
fb350,8548,1.12985532047,537,1.14559873503,6062,1.14951852942,4985,1.15884704305,7562,1.16691858192,7780,1.22464865137,5176,1.23242353347,7543,1.23400396086,5999,1.23638921026,5272,1.23638921026
fb351,769,1.16382600246,3703,1.16454038816,5211,1.16991472629,8066,1.17754884329,7767,1.18930897924,5272,1.19784833345,5999,1.19784833345,7561,1.20255431494,5226,1.20946986241,1677,1.21478991128
fb352,7791,1.0876387175,2670,1.21592852871,1585,1.2652681879,7688,1.27170619762,7687,1.27170619762,7686,1.27170619762,7685,1.27170619762,7684,1.27170619762,7683,1.27170619762,7682,1.27170619762
fb353,7308,1.29756123248,4486,1.30170374511,4866,1.30239842226,2782,1.31649844797,2895,1.31681727259,4356,1.32174672671,4357,1.32174672671,3169,1.32268948511,2205,1.32573023584,2951,1.33108578581
fb354,7764,1.04826641994,8100,1.0638825228,7655,1.08626765411,3691,1.11801399491,7789,1.14166060312,4191,1.15891435256,7795,1.18513194064,8033,1.20931521042,7793,1.2114207674,5999,1.23201940709
fb355,5421,1.14710090116,4125,1.15848957781,2899,1.17129023054,7753,1.17709178362,7642,1.21270278612,5215,1.22478350386,5625,1.22880253119,2697,1.22942437572,7756,1.243287571,4030,1.2483120553
fb356,7790,1.03173543952,7787,1.18577813122,7792,1.21784649898,1585,1.22780358637,4218,1.23296392762,4217,1.23296392762,6767,1.25016920783,7786,1.25357578993,694,1.25943514908,5234,1.26713189817
fb357,7655,1.02143972386,7764,1.02681505084,7795,1.03168511332,8100,1.03227355562,7789,1.10001290696,7793,1.11762215156,3691,1.13376063601,4191,1.1498947005,7797,1.15456807099,7798,1.17434603657
fb358,7790,1.20649044382,1585,1.24221045757,7792,1.25506733819,3174,1.27699374025,7787,1.29184333949,7795,1.29538127946,1592,1.30234651655,7793,1.31193666403,7786,1.3143180471,4546,1.31812844269
fb359,7789,1.08817640989,7764,1.19299633508,3691,1.20336056088,8100,1.23047952768,7655,1.23415822829,7795,1.27863389718,1585,1.28486631084,6190,1.28902681865,7793,1.29068470252,4066,1.29435963577
fb360,5215,1.21082535475,7792,1.22362795924,5272,1.26188107645,5999,1.26188107645,1755,1.26260974251,734,1.26496225477,1194,1.27070849983,3772,1.27086244698,3773,1.27086244698,7561,1.27438465476
fb361,5272,1.20387801012,5999,1.20387801012,7764,1.21368075821,3153,1.23169258377,8033,1.23513559264,4364,1.24542795142,7795,1.25229096811,8108,1.26262392993,362,1.26561894095,8027,1.26750515262
fb362,5999,1.16593050172,5272,1.16593050172,7562,1.22271683457,8027,1.25406364714,4390,1.25997071613,7778,1.26145599137,8033,1.26313855603,7764,1.26382991527,5215,1.26454046246,997,1.26549474643
fb363,1488,1.15992826124,1275,1.16668262822,5215,1.18708982355,1449,1.2061750076,5272,1.2335868678,5999,1.2335868678,5619,1.23553135875,1630,1.25658951425,5703,1.26157319973,5657,1.26466548852
fb364,1394,1.14605408909,1486,1.14606879864,6631,1.19498847607,1507,1.21191479057,5495,1.21812032276,4713,1.22335095227,6943,1.22667549652,6775,1.23229743387,5657,1.23440940538,5648,1.23845878813
fb365,649,0.98394152875,3822,1.16513709418,5997,1.17975392886,7561,1.25582456869,667,1.25656724681,4218,1.2636214483,4217,1.2636214483,4972,1.26961131233,694,1.28030313733,5644,1.28071944572
fb366,7762,0.959940646292,755,1.23648801064,5204,1.24196723322,3118,1.25271587983,7630,1.2565812081,3289,1.26751659617,2721,1.27407691514,4838,1.27698001555,7106,1.28772129596,4492,1.28810018056
fb367,2369,0.967299497018,7099,1.02872641066,6035,1.06085337137,2510,1.06703403803,4077,1.06766315621,4076,1.06766315621,694,1.06862022465,2055,1.08917572028,5102,1.090220966,7619,1.10019253635
fb368,7206,1.22480512546,8101,1.23981042292,2657,1.24577520876,5634,1.24700505595,5633,1.24700505595,3750,1.25323478547,5381,1.25411549456,7804,1.25444038716,7905,1.26389932331,6621,1.26552399926
fb369,5937,1.0,5952,1.0,5931,1.0,5865,1.0,5866,1.0,5898,1.0,5897,1.0,5930,1.0,5895,1.0,778,1.0
fb370,3396,1.16659353556,559,1.17681945634,3052,1.19363922278,6153,1.19629721498,5671,1.23488921363,2870,1.25413616584,1676,1.26580787495,567,1.27511403002,6152,1.28089004454,3027,1.28343783725
fb371,6975,1.0350750896,3245,1.06923120315,3244,1.06923120315,7925,1.09009664617,5214,1.09384478454,6962,1.1051844162,5124,1.10614794101,877,1.11371141479,7432,1.11470352395,6759,1.12147523403
